iter	locus	ct0	ct1	ct2
0	0	0.00351564521	0.02771451254	0.1474311419
0	1	0.02891069252	0.06684650598	0.1452790516
0	2	0.007340538414	0.007803644902	0.03788211813
0	3	0.009116960611	0.02933430789	0.05110098124
0	4	0.0002617623923	0.003452560963	0.007352293612
0	5	0.008760362945	0.009733808448	0.02739201572
0	6	0.001073955019	0.02020779099	0.03877113104
0	7	0.0002316891243	0.00837789374	0.0318692883
0	8	0.002907232383	0.01152531942	0.01166397648
0	9	0.001687264532	0.02067959836	0.02092353069
1	0	0.00351564521	0.02131882474	0.09688578062
1	1	0.02331441993	0.03186499455	0.06557475131
1	2	0.007803644902	0.01051097279	0.03788211813
1	3	0.007724319112	0.0141216974	0.06253012881
1	4	0.0004087552937	0.004525519104	0.005755286912
1	5	0.004710259687	0.01438500303	0.02739201572
1	6	0.002358919693	0.02020779099	0.03106203112
1	7	0.001811010335	0.00837789374	0.03007710798
1	8	0.003643578176	0.007094245698	0.009576007155
1	9	0.001687264532	0.0211601517	0.06426751486
2	0	0.007245064789	0.008450643645	0.06603415187
2	1	0.005210544528	0.02355448869	0.05951264212
2	2	0.003132835776	0.007803644902	0.03788211813
2	3	0.001381823679	0.01302100391	0.03836355003
2	4	0.001349468015	0.005755286912	0.01891525792
2	5	0.01104845815	0.01438500303	0.02739201572
2	6	0.0006639639964	0.002358919693	0.0240640265
2	7	0.001811010335	0.00837789374	0.01676339651
2	8	0.001428756017	0.004965879565	0.009576007155
2	9	0.0006473601715	0.007616635738	0.02639442577
3	0	0.02137931716	0.02798687813	0.04404401316
3	1	0.01205745044	0.01490060461	0.05951264212
3	2	0.003730725528	0.007575074921	0.02782162861
3	3	0.002464891678	0.0106034099	0.03836355003
3	4	0.001332954286	0.003578647371	0.01041678728
3	5	0.01104845815	0.0231165906	0.04568283079
3	6	0.002358919693	0.00351991971	0.0240640265
3	7	0.002272389515	0.003317686226	0.03051457687
3	8	0.001428756017	0.00291388956	0.01026102578
3	9	0.00833409677	0.02639442577	0.02771426167
4	0	0.01181437318	0.03757744879	0.0453005454
4	1	0.002831776456	0.01490060461	0.02501222839
4	2	0.003355484531	0.007738975759	0.02782162861
4	3	0.008058657158	0.0106034099	0.04133329989
4	4	0.001950658103	0.003578647371	0.01041678728
4	5	0.0007531815089	0.01722884041	0.02919339686
4	6	0.002358919693	0.005141896535	0.01985603802
4	7	0.002272389515	0.003317686226	0.02946208646
4	8	0.001428756017	0.006632017112	0.01048565948
4	9	0.0005150368958	0.001560421748	0.02639442577
5	0	0.005351225693	0.005994656065	0.0453005454
5	1	0.001016985755	0.003649864853	0.02501222839
5	2	0.007006386572	0.007738975759	0.02782162861
5	3	0.002595775787	0.01839865467	0.03737997709
5	4	0.001950658103	0.00347806144	0.008772408122
5	5	0.0007531815089	0.02878375944	0.0309655443
5	6	0.003250390801	0.004700744379	0.01985603802
5	7	0.002272389515	0.01469849983	0.0449308271
5	8	0.005763612138	0.007288318642	0.01048565948
5	9	0.001560421748	0.003342323268	0.02639442577
6	0	0.0001415003921	0.01168704144	0.05062878588
6	1	0.005366403048	0.01652965539	0.03496193683
6	2	0.007738975759	0.01249314981	0.03110401586
6	3	0.002595775787	0.003027284717	0.06175593386
6	4	0.002264518061	0.01002773323	0.01622880023
6	5	0.01507640664	0.02878375944	0.0489958966
6	6	0.004700744379	0.0252358143	0.04173768896
6	7	0.002272389515	0.02409741065	0.03221935397
6	8	0.002156807439	0.005763612138	0.008179849407
6	9	0.006896143059	0.01313597023	0.02639442577
7	0	0.0001415003921	0.007570526477	0.03304316724
7	1	0.0004345926349	0.005613697674	0.02939998395
7	2	0.007738975759	0.01249314981	0.02768628528
7	3	0.002137280679	0.01337185088	0.04043774577
7	4	0.002264518061	0.01002773323	0.01226418291
7	5	0.01359506101	0.01507640664	0.0489958966
7	6	0.004700744379	0.01003272522	0.04183326484
7	7	0.00209345454	0.02316855827	0.05688672674
7	8	0.002156807439	0.01508980553	0.01843471618
7	9	0.00548327809	0.009212700819	0.02765689292
8	0	0.008789192222	0.00961900697	0.04688365735
8	1	0.003434128095	0.005613697674	0.0448219534
8	2	0.0009907247184	0.02496435772	0.0531335186
8	3	0.01270272395	0.01631999638	0.02701564087
8	4	0.0001200674606	0.01125600681	0.01214967375
8	5	0.002897113361	0.01496575212	0.05125946255
8	6	0.005284834682	0.01003272522	0.04183326484
8	7	0.009556992271	0.02316855827	0.05404611874
8	8	0.003878825004	0.007583149611	0.01843471618
8	9	0.0008169283373	0.00548327809	0.02714238985
9	0	0.0072477977	0.01984018056	0.02122845138
9	1	0.00260182745	0.003832204601	0.05882923879
9	2	0.002341552874	0.02496435772	0.04510507608
9	3	0.003046337158	0.01253386248	0.04580115178
9	4	0.0002854405879	0.01159395482	0.01172867296
9	5	0.01614532124	0.03964093114	0.05125946255
9	6	0.0001632759736	0.00645827482	0.01460861801
9	7	0.005383285869	0.02316855827	0.05510748163
9	8	0.003115413346	0.0123436285	0.01843471618
9	9	0.0008169283373	0.00548327809	0.03211436087
10	0	0.01384695819	0.01454089585	0.0512942029
10	1	0.0009415901731	0.002219713066	0.03258591834
10	2	0.002341552874	0.02620127802	0.05516871283
10	3	0.003046337158	0.009455394087	0.03710786754
10	4	0.008527270062	0.008987800152	0.01172867296
10	5	0.00638414288	0.01818945897	0.03982936425
10	6	0.001865117617	0.004823276905	0.01958936633
10	7	0.001981781058	0.006191342241	0.02229044687
10	8	0.003115413346	0.01294739998	0.01814489675
10	9	0.008387619125	0.009347605541	0.03211436087
11	0	0.008464564316	0.01037874746	0.0210442376
11	1	0.001056720331	0.001280197157	0.04420083855
11	2	0.01666573098	0.023887916	0.05516871283
11	3	0.001489733319	0.003179017207	0.05542920873
11	4	0.001647437128	0.008987800152	0.02564727079
11	5	0.001613029293	0.05793602994	0.06297349578
11	6	0.001865117617	0.01162064695	0.0130539991
11	7	0.001981781058	0.006191342241	0.0385278538
11	8	0.003115413346	0.01814489675	0.02604221061
11	9	0.003979945891	0.008387619125	0.03211436087
12	0	0.002587310068	0.02199778618	0.05317324039
12	1	0.001056720331	0.001280197157	0.01725089923
12	2	0.0004328151546	0.008449791584	0.05516871283
12	3	0.008703619231	0.0133627968	0.04892382483
12	4	0.001271847017	0.004377852586	0.008987800152
12	5	0.001664732227	0.02446379862	0.06297349578
12	6	0.01162064695	0.0237818895	0.06474943983
12	7	0.007722294411	0.008765355182	0.07595971563
12	8	0.003115413346	0.01433077883	0.01685455078
12	9	0.003979945891	0.00402072029	0.01990420908
13	0	0.002587310068	0.032707395	0.05304143149
13	1	0.008227817688	0.01017779196	0.02202688755
13	2	0.0004328151546	0.02075944478	0.03296536344
13	3	0.008703619231	0.01294012988	0.04892382483
13	4	0.007476470159	0.01420055294	0.01564790981
13	5	0.01061423213	0.02934158963	0.06456131921
13	6	0.006694130941	0.02249830028	0.04951392942
13	7	0.0009003421268	0.007241258546	0.04693221676
13	8	0.003115413346	0.01235446723	0.01685455078
13	9	0.003979945891	0.004947064775	0.0223012714
14	0	0.002587310068	0.01844559694	0.03779713495
14	1	0.002344169084	0.01155641249	0.0379435843
14	2	0.0004328151546	0.02429058147	0.06491381241
14	3	0.01092968688	0.01634296341	0.04825603423
14	4	0.006985865129	0.007476470159	0.01206388869
14	5	0.01047869382	0.02934158963	0.05871793684
14	6	0.006968088702	0.01861233798	0.04358680764
14	7	0.0009003421268	0.01138336913	0.025097163
14	8	0.002415755118	0.007507215194	0.02050735966
14	9	0.003979945891	0.01244207512	0.03121394721
15	0	0.004407213598	0.02685520122	0.03779713495
15	1	0.002344169084	0.006261859191	0.02573124291
15	2	0.0005184108962	0.02620922672	0.04486537794
15	3	0.002713604183	0.01480650792	0.0681810648
15	4	0.001706476128	0.006985865129	0.007476470159
15	5	0.01802534025	0.02400443696	0.04833981346
15	6	0.006968088702	0.02644559056	0.04369766987
15	7	0.0009003421268	0.008273325273	0.04469853764
15	8	0.000127938412	0.009189879364	0.02323029432
15	9	0.00287558005	0.003979945891	0.03121394721
16	0	0.007283585109	0.01268739438	0.03779713495
16	1	0.005446021679	0.006261859191	0.0527094549
16	2	0.0005184108962	0.03301126627	0.03344806303
16	3	0.01544135703	0.01595704336	0.0567343673
16	4	0.002569912953	0.006985865129	0.007476470159
16	5	0.01526317219	0.02042610663	0.03729292188
16	6	0.006646114834	0.009136682766	0.03584545222
16	7	0.008273325273	0.02247290996	0.0476057928
16	8	0.000127938412	0.0006125790467	0.01446757266
16	9	0.003979945891	0.008704755212	0.02816645858
17	0	0.003699990005	0.02676113103	0.02694296909
17	1	0.001785445349	0.005446021679	0.0484557514
17	2	0.0005184108962	0.01975368	0.04905353534
17	3	0.007030901042	0.01595704336	0.06069421083
17	4	0.0004255828854	0.003289139094	0.00531690265
17	5	0.01526317219	0.01575988873	0.04393109408
17	6	0.003769546891	0.009476987033	0.03041438183
17	7	0.002515226339	0.005846500666	0.03019362735
17	8	0.000127938412	0.005096152319	0.01066054647
17	9	0.002464624822	0.005812714114	0.02128166717
18	0	0.003699990005	0.02676113103	0.02846247477
18	1	0.001785445349	0.009585216259	0.01779504122
18	2	0.0005184108962	0.0263352711	0.05806130079
18	3	0.002690572912	0.01595704336	0.04685901184
18	4	0.0005703970956	0.002066699962	0.02026335597
18	5	0.01526317219	0.03215896486	0.04874879873
18	6	0.003050393299	0.009476987033	0.01866239793
18	7	0.002515226339	0.005937703251	0.03019362735
18	8	0.003668189969	0.005096152319	0.01610516338
18	9	0.0006075515167	0.001812879148	0.02795096133
19	0	0.003699990005	0.0171737379	0.03574980637
19	1	0.0007353265872	0.002560672748	0.03291118594
19	2	0.0005184108962	0.0263352711	0.03167435178
19	3	0.005927096055	0.01595704336	0.03057143448
19	4	0.0005703970956	0.002066699962	0.005898417355
19	5	0.008036658119	0.02665958152	0.02697011108
19	6	0.001707485025	0.004847691781	0.04413851787
19	7	0.002515226339	0.005937703251	0.03350870587
19	8	0.003349382781	0.005096152319	0.01610516338
19	9	0.0006075515167	0.008118191999	0.04220442083
20	0	0.000249323869	0.01392206353	0.01953544518
20	1	0.001793978098	0.002560672748	0.02353415346
20	2	0.0005184108962	0.01065406562	0.03167435178
20	3	0.004057744058	0.009995345797	0.0417362742
20	4	0.002066699962	0.008957446151	0.01038078924
20	5	0.009710068589	0.02665958152	0.0367219291
20	6	0.001986899289	0.004570454688	0.02707650425
20	7	0.002515226339	0.01047610651	0.03350870587
20	8	0.003349382781	0.009135244499	0.01152522898
20	9	0.0006075515167	0.008118191999	0.0194762963
21	0	0.000249323869	0.004091489842	0.02763546964
21	1	0.001093633006	0.006240688658	0.03979341991
21	2	0.01203706972	0.0126002158	0.02880434312
21	3	0.009995345797	0.01039251334	0.05401155824
21	4	0.008957446151	0.01038078924	0.02308273912
21	5	0.02146564585	0.02788916279	0.03239298143
21	6	0.004570454688	0.005488761543	0.03063749872
21	7	0.002515226339	0.01047610651	0.05112113561
21	8	0.003349382781	0.02073988492	0.02310815793
21	9	0.0006075515167	0.008118191999	0.008499813284
22	0	0.000249323869	0.03512343016	0.05078141243
22	1	0.006753176153	0.020426999	0.03979341991
22	2	0.0125391569	0.0126002158	0.04289516782
22	3	0.003123333499	0.008697028343	0.06337419056
22	4	0.0007746069273	0.01295957797	0.02549629505
22	5	0.01470150165	0.03124957804	0.06091476279
22	6	0.001202780546	0.002562878641	0.04522683596
22	7	0.002515226339	0.02347001722	0.05112113561
22	8	0.006477198979	0.009447634373	0.01610530222
22	9	0.0006075515167	0.003595101609	0.02298133676
23	0	0.000249323869	0.01860053179	0.05327529848
23	1	0.006753176153	0.03250800176	0.04892739386
23	2	0.00352477377	0.0125391569	0.02765103903
23	3	0.008697028343	0.03069549576	0.06632045456
23	4	0.01099136064	0.01295957797	0.02489919628
23	5	0.01336572605	0.01470150165	0.06078743859
23	6	0.002562878641	0.01443091734	0.03975078386
23	7	0.002515226339	0.01028183668	0.04092720619
23	8	0.0007138105666	0.006477198979	0.02004048437
23	9	0.0006075515167	0.007764686816	0.02298133676
24	0	0.0003894504929	0.01490154205	0.02482746198
24	1	0.01170251292	0.0163588199	0.02196376224
24	2	0.0005298991263	0.004948189151	0.03298213206
24	3	0.01283328283	0.03069549576	0.06764665174
24	4	0.002000007449	0.002217227664	0.01099136064
24	5	0.004079111472	0.02779242041	0.03287704778
24	6	0.005907780788	0.02135555056	0.0245787723
24	7	0.002515226339	0.03234562129	0.04092720619
24	8	0.0002890738747	0.006477198979	0.007821227579
24	9	0.0006075515167	0.007764686816	0.02298133676
25	0	0.0003894504929	0.008139465962	0.02727835464
25	1	0.005186123822	0.01865238994	0.0224620576
25	2	0.0005298991263	0.004948189151	0.04703942922
25	3	0.01283328283	0.02330100246	0.03426411471
25	4	0.002217227664	0.002824692382	0.003323795315
25	5	0.004079111472	0.01328160725	0.02236315791
25	6	0.00441058121	0.01317532294	0.0245787723
25	7	0.002515226339	0.03234562129	0.06769164422
25	8	0.0002890738747	0.00429367438	0.006137379826
25	9	0.0006075515167	0.003463635487	0.01941495848
26	0	0.0003894504929	0.0127767408	0.02727835464
26	1	0.01033421294	0.01625805762	0.04693997235
26	2	0.0005298991263	0.01370640572	0.01527884806
26	3	0.008529866961	0.02330100246	0.03426411471
26	4	0.001320762298	0.002824692382	0.01165051288
26	5	0.004079111472	0.01175253569	0.04367851483
26	6	0.00441058121	0.01317532294	0.0245787723
26	7	0.002515226339	0.02678099544	0.06039841902
26	8	0.001357611852	0.00383040572	0.006137379826
26	9	0.003463635487	0.006518162013	0.03795353267
27	0	0.006132927724	0.0191521063	0.02727835464
27	1	0.00535581356	0.009012191378	0.04693997235
27	2	0.0005298991263	0.01370640572	0.03795237715
27	3	0.006659761185	0.02330100246	0.03426411471
27	4	0.00048259571	0.005400142642	0.01165051288
27	5	0.006942303628	0.02715982105	0.03727104345
27	6	0.00441058121	0.02022201843	0.0213586752
27	7	0.002515226339	0.02742757461	0.06039841902
27	8	0.001202936513	0.00383040572	0.006137379826
27	9	0.005525635752	0.006518162013	0.01958792828
28	0	0.006132927724	0.0191521063	0.03963257257
28	1	0.005241359043	0.009012191378	0.04693997235
28	2	0.007084027084	0.01434785762	0.03584074645
28	3	0.005318184819	0.008684915004	0.04544047963
28	4	0.00048259571	0.00763486362	0.01580523883
28	5	0.007690417709	0.02589042055	0.02715982105
28	6	0.00441058121	0.02022201843	0.0213586752
28	7	0.0003259903855	0.008517631049	0.05838834365
28	8	0.0003010199151	0.003917535117	0.01161909124
28	9	0.006518162013	0.009242603727	0.02213718343
29	0	0.006132927724	0.0170625749	0.03963257257
29	1	0.001756187678	0.009012191378	0.01917967737
29	2	0.002235031568	0.003783701847	0.03366023285
29	3	0.005318184819	0.008965137321	0.05169813553
29	4	0.00048259571	0.004141937654	0.005703766639
29	5	0.00681491593	0.02715982105	0.03885125636
29	6	0.003319385894	0.01684216821	0.02502217502
29	7	0.0003259903855	0.005200629496	0.05838834365
29	8	0.0003010199151	0.003917535117	0.01069800363
29	9	0.006518162013	0.007274333866	0.03912726971
30	0	0.004307546882	0.01195328797	0.0199824564
30	1	0.001341868693	0.009012191378	0.04406773827
30	2	0.003058502614	0.02212060505	0.03143767768
30	3	0.005318184819	0.02248440597	0.05073329116
30	4	0.00048259571	0.0008884739061	0.0009820874758
30	5	0.02104272622	0.02463076572	0.03885125636
30	6	0.008380907909	0.0102768321	0.02502217502
30	7	0.0003259903855	0.005200629496	0.03710891096
30	8	0.002173820595	0.003917535117	0.01069800363
30	9	0.001463673179	0.006518162013	0.03912726971
31	0	0.004292979097	0.004307546882	0.02445619642
31	1	0.002909953176	0.009012191378	0.02428326131
31	2	0.003058502614	0.01260103511	0.05089317492
31	3	0.005318184819	0.02161431942	0.04343577673
31	4	0.00048259571	0.004727844067	0.023179333
31	5	0.007723641749	0.02463076572	0.03885125636
31	6	0.008380907909	0.0102768321	0.02502217502
31	7	0.0003259903855	0.005200629496	0.05631629678
31	8	0.002173820595	0.003917535117	0.01069800363
31	9	0.001463673179	0.006518162013	0.02877641133
32	0	0.004307546882	0.02281210607	0.03781745276
32	1	0.001919975515	0.009012191378	0.05818159583
32	2	0.0060992093	0.01260103511	0.03275970344
32	3	0.01320395695	0.01386816837	0.04343577673
32	4	0.006779933347	0.01004917527	0.02219547654
32	5	0.002299712623	0.01289831943	0.0485919655
32	6	0.00448658804	0.0102768321	0.03863820053
32	7	0.0003259903855	0.005200629496	0.02658761898
32	8	0.002903422896	0.004147089171	0.01069800363
32	9	0.001463673179	0.003360921417	0.02877641133
33	0	0.01093589946	0.01214937106	0.02365466411
33	1	0.0008450698332	0.01467186495	0.05283487304
33	2	0.0060992093	0.01514806403	0.04722808446
33	3	0.01386816837	0.01800772397	0.04343577673
33	4	0.006779933347	0.01004917527	0.01172896669
33	5	0.007423097335	0.02380761456	0.0485919655
33	6	0.00448658804	0.0102768321	0.02435233988
33	7	0.0003259903855	0.005200629496	0.03266769377
33	8	0.002022813174	0.004053316517	0.01069800363
33	9	0.001700183537	0.00254357199	0.01347203784
34	0	0.003890487872	0.01214937106	0.04086923813
34	1	0.002361849499	0.005124198459	0.05451290936
34	2	0.00570621806	0.01745668212	0.05374723677
34	3	0.002229838702	0.007987103558	0.04504104972
34	4	0.006211107553	0.01031236023	0.01172896669
34	5	0.007423097335	0.05088901554	0.05292120677
34	6	0.00448658804	0.006013998538	0.02786744717
34	7	0.0003259903855	0.003135574813	0.05686404086
34	8	0.002022813174	0.01069800363	0.01214933482
34	9	0.00254357199	0.01377858446	0.03872771987
35	0	0.01214937106	0.01622751101	0.04086923813
35	1	0.002361849499	0.0040658383	0.04273969178
35	2	0.009616656601	0.02060637002	0.04074574936
35	3	0.002229838702	0.004232425568	0.04822624872
35	4	0.00754335457	0.009721649363	0.01172896669
35	5	0.00536934136	0.05088901554	0.05264487844
35	6	0.002675232761	0.006013998538	0.01834603564
35	7	0.0003259903855	0.004734229323	0.04019089169
35	8	0.001428022573	0.006097400243	0.008003484895
35	9	0.00119178409	0.002017079517	0.045995888
36	0	0.007178682209	0.007646561368	0.02229150296
36	1	0.003026848086	0.00391057083	0.02801943257
36	2	0.00308471666	0.01388985495	0.06251656169
36	3	0.01160266872	0.02200681285	0.06487405516
36	4	0.0002558824016	0.002763958603	0.0100109838
36	5	0.002125650159	0.03842412169	0.03943747201
36	6	0.002675232761	0.005613884774	0.02333033779
36	7	0.0003259903855	0.004734229323	0.03018804341
36	8	0.001428022573	0.00707843152	0.008003484895
36	9	0.00110179768	0.002017079517	0.03461198005
37	0	0.01063493513	0.01641854515	0.03665239351
37	1	0.001383172836	0.01008454645	0.02640326907
37	2	0.00308471666	0.02391232016	0.02463942218
37	3	0.003515859125	0.02200681285	0.0560514434
37	4	0.001094347783	0.002763958603	0.007892790636
37	5	0.006973595358	0.01649260039	0.01812153771
37	6	0.005347766321	0.007669859379	0.02333033779
37	7	0.0003259903855	0.01236452354	0.03018804341
37	8	0.003445048248	0.005980766026	0.008003484895
37	9	0.006458719697	0.01529108843	0.03889066447
38	0	0.002048044951	0.01728808932	0.0508203188
38	1	0.001383172836	0.01221024527	0.03727776251
38	2	0.00308471666	0.02391232016	0.02444510656
38	3	0.003515859125	0.007822588915	0.04684115491
38	4	0.001094347783	0.001988354368	0.00556668241
38	5	0.006973595358	0.01649260039	0.01812153771
38	6	0.005347766321	0.01059496802	0.03558752094
38	7	0.0003259903855	0.0134070147	0.04484292542
38	8	0.003445048248	0.005980766026	0.008003484895
38	9	0.002487424198	0.006458719697	0.02570470371
39	0	0.006068238668	0.03010981882	0.0348273338
39	1	0.006101138607	0.01221024527	0.03727776251
39	2	0.008134395056	0.01091332686	0.04190438728
39	3	0.003515859125	0.007595033159	0.04332208711
39	4	0.001140406192	0.001988354368	0.003200864688
39	5	0.005425577311	0.01548736396	0.01649260039
39	6	0.005347766321	0.01059496802	0.03125875679
39	7	0.01328403361	0.0134070147	0.03739143485
39	8	0.004275236164	0.005812934652	0.01649085
39	9	0.006381729292	0.006485773302	0.04169480836
40	0	0.01332068356	0.03010981882	0.05126992182
40	1	0.007186007985	0.00873206209	0.03727776251
40	2	0.00236664803	0.0142748058	0.03744929431
40	3	0.003515859125	0.008784065301	0.02879568772
40	4	0.001140406192	0.001988354368	0.00943099129
40	5	0.009939856208	0.02239747238	0.02383382839
40	6	0.005347766321	0.01059496802	0.02534496941
40	7	0.001620664561	0.0134070147	0.02371736196
40	8	0.0006009028724	0.005435821839	0.005812934652
40	9	0.004735004755	0.006381729292	0.04804008769
41	0	0.01098381442	0.03010981882	0.03872912405
41	1	0.006531703516	0.00873206209	0.05244693859
41	2	0.00236664803	0.02296481003	0.05548938982
41	3	0.008784065301	0.009112455061	0.04203350586
41	4	0.001140406192	0.003647557202	0.009977199915
41	5	0.009939856208	0.01620554902	0.0248564312
41	6	0.0009477337749	0.002107094274	0.02534496941
41	7	0.001620664561	0.01040586455	0.02657686182
41	8	0.003987416631	0.005700483174	0.01303529011
41	9	0.007796985713	0.02197802618	0.03130264838
42	0	0.002128939464	0.004249554972	0.0342031039
42	1	0.004154060166	0.00873206209	0.01783351518
42	2	0.00452600453	0.0262138479	0.04480292863
42	3	0.008784065301	0.01447477717	0.07130933613
42	4	0.009246753227	0.009596550674	0.01068728196
42	5	0.009995935504	0.0148406514	0.06227896488
42	6	0.0009477337749	0.002107094274	0.01215784296
42	7	0.0008194145347	0.01040586455	0.03394487773
42	8	0.005700483174	0.01120140404	0.028214534
42	9	0.009138853441	0.01702622283	0.05614188724
43	0	0.003541900298	0.00930785159	0.0342031039
43	1	9.142607256e-05	0.002005337204	0.03136501798
43	2	0.009420310312	0.013563051	0.03140119307
43	3	0.008784065301	0.01363222903	0.03828921952
43	4	0.001257293999	0.01750977615	0.01793310632
43	5	0.005160087841	0.02654548933	0.06227896488
43	6	0.002257757773	0.00743671431	0.01215784296
43	7	0.0008194145347	0.007570951914	0.0461891192
43	8	0.005700483174	0.01321364831	0.02036655279
43	9	0.01057376173	0.01640678502	0.020438115
44	0	0.004215698433	0.01108608343	0.01212076535
44	1	0.0005988313143	0.004799028673	0.02499393227
44	2	0.003322719712	0.02387348077	0.03140119307
44	3	0.005404793669	0.02110582496	0.03994229965
44	4	0.01750977615	0.01783591378	0.02538893159
44	5	0.005160087841	0.03367444055	0.04171993873
44	6	1.705470093e-05	0.006503414596	0.01187784489
44	7	0.0008194145347	0.01640447257	0.0461891192
44	8	0.00482011876	0.01644213861	0.02036655279
44	9	0.01057376173	0.01362411118	0.04367491517
45	0	0.004215698433	0.01108608343	0.02954971154
45	1	0.0005988313143	0.01841437842	0.02269222073
45	2	0.001453932155	0.01710954732	0.02797268725
45	3	0.005404793669	0.009501679956	0.04137149044
45	4	0.007845200707	0.01331564059	0.01783591378
45	5	0.005160087841	0.03449834855	0.0410020456
45	6	1.705470093e-05	0.004054865896	0.01433023421
45	7	0.00286509505	0.01791739935	0.05703335208
45	8	0.002086677079	0.002319194028	0.01628385924
45	9	0.006639200358	0.01057376173	0.04058520055
46	0	0.004215698433	0.01894165951	0.02077230417
46	1	0.01611062646	0.01857246445	0.02841290203
46	2	0.001453932155	0.01710954732	0.02797268725
46	3	0.002104878527	0.007903665278	0.05544088611
46	4	0.00542398969	0.01331564059	0.01681222808
46	5	0.005160087841	0.03197266083	0.0665007948
46	6	1.705470093e-05	0.004054865896	0.02500516319
46	7	0.00286509505	0.007321459083	0.07412576287
46	8	0.003500252173	0.004936694681	0.006321467447
46	9	0.0001977723434	0.006673958245	0.01721831802
47	0	0.004098890443	0.01894165951	0.02963577427
47	1	0.007425440501	0.01857246445	0.03186353955
47	2	0.001145954907	0.01408086932	0.02797268725
47	3	0.002104878527	0.007903665278	0.03559102551
47	4	0.006176132696	0.01106766706	0.01925268549
47	5	0.005160087841	0.04523414682	0.06741524791
47	6	0.004054865896	0.004366145402	0.02683901193
47	7	0.007321459083	0.01401252569	0.07412576287
47	8	0.002538332176	0.003676488264	0.004936694681
47	9	0.0001977723434	0.005524844383	0.01158003161
48	0	0.004098890443	0.01272320939	0.04143116341
48	1	0.001282430164	0.01454089364	0.02486093788
48	2	0.0004417511054	0.01262171256	0.02797268725
48	3	0.001882376492	0.002104878527	0.03056487163
48	4	0.001558586634	0.001697799557	0.01925268549
48	5	0.01150987373	0.0223579052	0.05716489091
48	6	0.002589382875	0.004366145402	0.02683901193
48	7	0.001394640318	0.01380658377	0.05256843055
48	8	0.002538332176	0.004936694681	0.01015319193
48	9	0.005524844383	0.0080484334	0.01158003161
49	0	0.004098890443	0.008672205679	0.02387354736
49	1	0.001245537689	0.001282430164	0.02636986675
49	2	0.0003107637078	0.007841915291	0.02877699539
49	3	0.002104878527	0.006304298899	0.04122745339
49	4	0.001356129199	0.001697799557	0.01155749924
49	5	0.0089457178	0.02048875364	0.02311964185
49	6	0.002589382875	0.004366145402	0.02013152555
49	7	0.001394640318	0.009113215628	0.04579632234
49	8	0.0002231957888	0.006813349415	0.01015319193
49	9	0.003100925002	0.0080484334	0.03684725802
50	0	0.004098890443	0.008672205679	0.04381597777
50	1	0.0007420216085	0.001282430164	0.03825025681
50	2	0.0003107637078	0.007841915291	0.03969519518
50	3	0.002104878527	0.007022178011	0.04300590539
50	4	0.001356129199	0.001697799557	0.01454668696
50	5	0.0089457178	0.01640756498	0.02917665749
50	6	0.006523720159	0.01240696919	0.01734005559
50	7	0.007890631619	0.0167158459	0.04930367972
50	8	0.004523409233	0.009505754025	0.01015319193
50	9	0.009456656481	0.01865156593	0.02969125058
51	0	0.0002564740294	0.01538619855	0.04381597777
51	1	0.001620829578	0.01178949937	0.03518058931
51	2	0.0003107637078	0.03580935448	0.03969519518
51	3	0.009300139196	0.01521651347	0.04300590539
51	4	0.001356129199	0.001697799557	0.008497942164
51	5	0.00315736438	0.02367897653	0.03689398699
51	6	0.002615530776	0.008801181405	0.02542592484
51	7	0.005369253952	0.007890631619	0.03413642484
51	8	0.004523409233	0.00474698223	0.01232526545
51	9	0.009456656481	0.01865156593	0.02969125058
52	0	0.002023374784	0.01538619855	0.04381597777
52	1	0.004378090006	0.01178949937	0.03122135778
52	2	0.00156710861	0.03969519518	0.04254693971
52	3	0.01330950482	0.01534717664	0.04237084919
52	4	0.001503924548	0.001697799557	0.008497942164
52	5	0.00315736438	0.01847546332	0.03689398699
52	6	0.002615530776	0.008801181405	0.02542592484
52	7	0.005369253952	0.0076630929	0.05076398236
52	8	0.004523409233	0.006389048458	0.01232526545
52	9	0.006893111149	0.009456656481	0.03542089211
53	0	0.006684550008	0.01538619855	0.04343805789
53	1	0.006777395698	0.008160988298	0.03325729833
53	2	0.00156710861	0.03957166122	0.04254693971
53	3	0.006582414898	0.0123071251	0.06253481018
53	4	0.001697799557	0.001789922587	0.001791420846
53	5	0.01847546332	0.02013315308	0.0584712484
53	6	0.002615530776	0.008801181405	0.02613790504
53	7	0.006626264734	0.0076630929	0.05217870411
53	8	0.0001914643676	0.00405456886	0.01327597317
53	9	0.002888649131	0.006893111149	0.02389483562
54	0	0.005285572891	0.02414576158	0.04868839689
54	1	0.005739765028	0.008160988298	0.0299972377
54	2	0.004323855445	0.009538879986	0.01258846687
54	3	0.003371725885	0.006582414898	0.05227811604
54	4	0.001697799557	0.001789922587	0.001791420846
54	5	0.01495639167	0.04175435815	0.04474553626
54	6	0.002615530776	0.008801181405	0.03073298462
54	7	0.0008711103806	0.0076630929	0.04319780559
54	8	0.00405456886	0.01327597317	0.01665247326
54	9	0.003677409163	0.006893111149	0.02389483562
55	0	0.004245057039	0.005839551764	0.03442651949
55	1	0.00971817903	0.01664891473	0.01713274437
55	2	0.004323855445	0.009538879986	0.02454554319
55	3	0.01308191499	0.01509207417	0.05497276688
55	4	0.0002466095944	0.001789922587	0.001791420846
55	5	0.003689755368	0.04924648372	0.06704108826
55	6	0.0025840936	0.008801181405	0.01201062817
55	7	0.0004586195518	0.0008711103806	0.07093619329
55	8	0.0003349529853	0.005185685537	0.01665247326
55	9	0.01264595521	0.01826668446	0.02389483562
56	0	0.004245057039	0.01591548238	0.03442651949
56	1	0.002514861361	0.02343608558	0.05734007862
56	2	0.009538879986	0.02245764923	0.05025317358
56	3	0.00160562473	0.006474214731	0.05497276688
56	4	0.001791420846	0.01236484149	0.01239632699
56	5	0.01807382053	0.02562822199	0.05862675148
56	6	0.0025840936	0.008801181405	0.03597013921
56	7	0.0004586195518	0.009078493533	0.02626212332
56	8	0.002936120995	0.01463095703	0.01665247326
56	9	0.0111169758	0.0236116897	0.0376640221
57	0	0.004245057039	0.008231222451	0.02325448741
57	1	0.001909866804	0.004254395813	0.03054625855
57	2	0.01307064799	0.02008551787	0.05743633482
57	3	0.005361206576	0.006474214731	0.03536752846
57	4	0.009404941201	0.01201227815	0.01239632699
57	5	0.0237563904	0.02830415374	0.05566965741
57	6	0.0025840936	0.01094076013	0.03597013921
57	7	0.0004586195518	0.009078493533	0.02626212332
57	8	8.304277914e-05	0.01463095703	0.01665247326
57	9	0.007487527901	0.01563407215	0.0468395801
58	0	0.002148658139	0.008231222451	0.02520272517
58	1	0.001723637488	0.001909866804	0.01455638322
58	2	0.003225874283	0.02379783765	0.02785035774
58	3	0.00242411251	0.005361206576	0.0414758231
58	4	0.008873231447	0.01105269389	0.02026155781
58	5	0.01217859049	0.01463961827	0.03822550334
58	6	0.0025840936	0.005419026708	0.04677390389
58	7	0.002679707042	0.009078493533	0.02626212332
58	8	8.304277914e-05	0.0003608893689	0.00762260579
58	9	0.002457378368	0.003984751234	0.02846563007
59	0	0.002148658139	0.01166465845	0.05084254767
59	1	0.001200732744	0.006561702915	0.03943827138
59	2	0.003225874283	0.007620874948	0.03899356486
59	3	0.005361206576	0.01791042475	0.04053727372
59	4	0.001517968401	0.006872814074	0.02026155781
59	5	0.01127455583	0.01613895464	0.03485769559
59	6	0.006735384422	0.008875764003	0.03649156316
59	7	0.0005884138367	0.002679707042	0.03936126531
59	8	8.304277914e-05	0.0003608893689	0.01336566958
59	9	0.003984751234	0.006192888179	0.02856516981
60	0	0.002148658139	0.02017466867	0.05084254767
60	1	0.002431613603	0.006569019508	0.03943827138
60	2	0.00499143251	0.005876393392	0.01738806293
60	3	0.002509082691	0.003229163196	0.04527081755
60	4	0.001517968401	0.002666254177	0.02026155781
60	5	0.01127455583	0.03484212846	0.04335052929
60	6	0.003588564698	0.008875764003	0.03724963248
60	7	0.0005884138367	0.002679707042	0.04247952761
60	8	0.004078584915	0.01042694617	0.01336566958
60	9	0.003935605965	0.00635109599	0.01891987632
61	0	0.0008093742688	0.007245246435	0.02798907802
61	1	0.002512392267	0.003356521083	0.03943827138
61	2	0.0002272482609	0.01039487807	0.02497272413
61	3	0.002509082691	0.009276258604	0.0423144018
61	4	0.002666254177	0.00314956277	0.02026155781
61	5	0.01127455583	0.03484212846	0.03833658723
61	6	0.003588564698	0.008875764003	0.03724963248
61	7	0.0003399249796	0.0005884138367	0.01715358438
61	8	0.004068604855	0.01042694617	0.01162165036
61	9	0.004706109001	0.00635109599	0.02917031723
62	0	0.0008093742688	0.007245246435	0.02877122268
62	1	0.004084779937	0.006846848155	0.03943827138
62	2	0.0002272482609	0.009565617521	0.05116391452
62	3	0.006807195669	0.009276258604	0.0423144018
62	4	0.001753646689	0.002666254177	0.002751008397
62	5	0.007101391965	0.01127455583	0.04140134416
62	6	0.003588564698	0.008935933338	0.03636971078
62	7	0.0005884138367	0.003469912636	0.01662764324
62	8	0.001233282932	0.01042694617	0.01105420169
62	9	0.004706109001	0.00635109599	0.03209799505
63	0	0.0008093742688	0.01329240292	0.03755047944
63	1	0.01096347247	0.01110167663	0.05861187076
63	2	0.0002272482609	0.005661717671	0.04334947667
63	3	0.006807195669	0.009276258604	0.03530774747
63	4	0.001318393605	0.002751008397	0.03477423012
63	5	0.003781598274	0.01928917527	0.03107218646
63	6	0.0006217761555	0.0011916623	0.03388268534
63	7	0.003469912636	0.005035254133	0.03760668477
63	8	0.001233282932	0.01042694617	0.01105420169
63	9	0.01008929614	0.01502875062	0.03110419091
64	0	0.0008093742688	0.01329240292	0.02365517593
64	1	0.00983503175	0.01438534014	0.04522965383
64	2	0.0004531679243	0.01375769746	0.03904398788
64	3	0.008441141627	0.0125616204	0.04597805968
64	4	0.001347274631	0.002751008397	0.01346248208
64	5	0.007229584034	0.01949355866	0.03107218646
64	6	0.001807541367	0.006742681424	0.01065611758
64	7	0.005035254133	0.008568595892	0.03130645472
64	8	0.002020937572	0.01042694617	0.01669577955
64	9	0.005524783722	0.00977081463	0.03110419091
65	0	0.0005216279046	0.01329240292	0.01954788018
65	1	0.00983503175	0.01486676397	0.06821438302
65	2	0.0004531679243	0.008512318483	0.04069396052
65	3	0.0125616204	0.01668597471	0.06564570187
65	4	0.001174873883	0.01234533746	0.01346248208
65	5	0.001641465457	0.01949355866	0.03118209205
65	6	0.004860380408	0.006742681424	0.02050289907
65	7	0.004221279034	0.008250040175	0.05674067664
65	8	0.002918027949	0.007070228454	0.00896775114
65	9	0.005524783722	0.0110745414	0.03838102365
66	0	0.001702900734	0.01329240292	0.02318880342
66	1	0.003901239379	0.009025342336	0.04465783967
66	2	0.0004531679243	0.02854237282	0.04069396052
66	3	0.003943941112	0.01516788944	0.06564570187
66	4	0.003178110702	0.007731246047	0.01533787239
66	5	0.001641465457	0.04415606792	0.04515041743
66	6	0.00123982007	0.002682033871	0.02612297061
66	7	0.004221279034	0.009617212738	0.03530473552
66	8	0.002918027949	0.007702113471	0.00912244782
66	9	0.003046942919	0.01619104214	0.03838102365
67	0	0.001702900734	0.01406326829	0.01847596059
67	1	0.004228003627	0.005742474713	0.0241673885
67	2	0.0004531679243	0.0178912682	0.04069396052
67	3	0.004303457431	0.0178910866	0.07973822472
67	4	0.00658623103	0.009709632687	0.0160617006
67	5	0.003760270465	0.03714598094	0.04515041743
67	6	0.001956630283	0.002682033871	0.03214022424
67	7	0.003538593808	0.009617212738	0.03967240632
67	8	0.002918027949	0.00912244782	0.01732546819
67	9	0.01080406968	0.01401894788	0.03838102365
68	0	0.001873309383	0.01359896275	0.02851567031
68	1	0.005421950464	0.005742474713	0.02963810778
68	2	0.0004531679243	0.0178912682	0.02907110579
68	3	0.007913256031	0.01963578941	0.04145283729
68	4	0.01198502571	0.01870299074	0.02606120604
68	5	0.003760270465	0.04096169989	0.04260851439
68	6	0.001020827715	0.007776604942	0.02664225591
68	7	0.001391579431	0.003538593808	0.02180263013
68	8	0.00208645114	0.00431211797	0.01732546819
68	9	0.00419237602	0.006443731218	0.02334941596
69	0	0.005189740936	0.01355831339	0.04177682058
69	1	0.008144500833	0.00843111059	0.05339870482
69	2	0.00122179035	0.0178912682	0.0396096867
69	3	0.01216585756	0.01963578941	0.03994447823
69	4	0.005376571496	0.01836452692	0.02119078458
69	5	0.003760270465	0.02070083497	0.04305662543
69	6	0.001020827715	0.007776604942	0.01643761157
69	7	0.001391579431	0.001522254424	0.0322393252
69	8	0.00208645114	0.003825756573	0.004281998103
69	9	0.002824832372	0.00419237602	0.01878626959
70	0	0.006296606605	0.01349436911	0.04505941812
70	1	0.0006554958471	0.004228223731	0.05162787367
70	2	0.0001554061931	0.005572006541	0.0396096867
70	3	0.009898767106	0.01963578941	0.04238982675
70	4	0.00255328383	0.01836452692	0.03960202688
70	5	0.001274727455	0.02092840068	0.04712393341
70	6	0.001020827715	0.007776604942	0.01643761157
70	7	0.001391579431	0.001522254424	0.03527003519
70	8	0.00208645114	0.003825756573	0.01327320122
70	9	0.002824832372	0.00419237602	0.01942601757
71	0	0.006296606605	0.02089739929	0.047476842
71	1	0.0006554958471	0.007880862519	0.02426975459
71	2	0.000111382589	0.02542968598	0.0396096867
71	3	0.006013205902	0.02886952602	0.04405930466
71	4	0.00255328383	0.00738579546	0.008431506896
71	5	0.02062926327	0.0269375852	0.03140617147
71	6	0.001020827715	0.02798277241	0.0331214552
71	7	0.001391579431	0.001522254424	0.03847397735
71	8	0.003825756573	0.01531531493	0.01779922969
71	9	0.00419237602	0.008172307418	0.01942601757
72	0	0.006296606605	0.008591680868	0.04678882275
72	1	0.0006554958471	0.002716445987	0.02133255
72	2	0.000111382589	0.01576048082	0.03037645619
72	3	0.006013205902	0.02886952602	0.04405930466
72	4	0.001960157611	0.00255328383	0.005227137885
72	5	0.02062926327	0.02874457172	0.05989998664
72	6	0.001020827715	0.002875349645	0.01326997427
72	7	0.001391579431	0.001522254424	0.04704746231
72	8	0.003825756573	0.01088801331	0.01531531493
72	9	0.003236827559	0.004447737389	0.02852363571
73	0	0.007740693446	0.008591680868	0.02634787805
73	1	0.0006554958471	0.0073906211	0.02896587814
73	2	0.0002153968545	0.02899114888	0.04891524697
73	3	0.01338056082	0.01457730711	0.1144559799
73	4	0.002193759974	0.004912947704	0.005227137885
73	5	0.008119042432	0.02780898119	0.02987296047
73	6	0.001020827715	0.002875349645	0.01326997427
73	7	0.001522254424	0.0174622754	0.04072944177
73	8	0.005462511984	0.01195540345	0.01531531493
73	9	0.003236827559	0.006037962676	0.02852363571
74	0	0.007740693446	0.01230132596	0.04531162488
74	1	0.0006554958471	0.007924500789	0.05227074082
74	2	0.0002153968545	0.02899114888	0.04661228841
74	3	0.006374855461	0.01414926687	0.08396735381
74	4	0.004912947704	0.005227137885	0.01011562002
74	5	0.008027131298	0.008119042432	0.03138544775
74	6	0.004583488667	0.007179532262	0.02281756978
74	7	0.001522254424	0.005755586537	0.02983967616
74	8	0.005462511984	0.01020569018	0.01431376458
74	9	0.002171929057	0.006037962676	0.007213448943
75	0	0.009784588023	0.01740202638	0.02932191613
75	1	0.0008943639235	0.01145131753	0.03075992872
75	2	0.0002153968545	0.02831175167	0.04065209441
75	3	0.006434934914	0.01283301413	0.08396735381
75	4	0.002083550291	0.005095040046	0.01011562002
75	5	0.01522213209	0.02336999558	0.02704897855
75	6	0.004583488667	0.0126729991	0.02328325131
75	7	0.001522254424	0.004813817395	0.03172536431
75	8	0.0007023131985	0.006873308753	0.01431376458
75	9	0.004692424435	0.005232939377	0.008470537155
76	0	0.002126697551	0.02289177436	0.0268664779
76	1	0.0008943639235	0.003809409712	0.02523735022
76	2	0.0002153968545	0.02896329147	0.03775382543
76	3	0.01221255221	0.01283301413	0.08396735381
76	4	0.001190395798	0.007224070963	0.008949132463
76	5	0.007776704875	0.02336999558	0.04245919228
76	6	0.00169345132	0.01748802856	0.04611106234
76	7	0.001522254424	0.002108803803	0.03172536431
76	8	0.004055032323	0.005481975066	0.01498258189
76	9	0.002393568436	0.004692424435	0.02746489228
77	0	0.002126697551	0.02649600789	0.0268664779
77	1	0.0108435637	0.01180206774	0.03667153901
77	2	0.0002153968545	0.03775382543	0.03960991132
77	3	0.002077548623	0.0200851707	0.08396735381
77	4	3.900296264e-05	0.002770183361	0.008012041547
77	5	0.004464970603	0.03418781143	0.04245919228
77	6	0.00169345132	0.0180389544	0.0243811457
77	7	0.005548730756	0.01259529414	0.0236443755
77	8	0.001633479827	0.00464411527	0.007723554878
77	9	0.002393568436	0.004692424435	0.01889085261
78	0	0.0005755371849	0.02192602385	0.0268664779
78	1	0.002749466602	0.01088167551	0.01977159167
78	2	0.0002153968545	0.02648917368	0.03738326888
78	3	0.01142961277	0.0200851707	0.08396735381
78	4	0.0007040107216	0.005042686371	0.006023526415
78	5	0.005179349708	0.03418781143	0.04166184026
78	6	0.00169345132	0.009746522739	0.01712484042
78	7	0.005548730756	0.008485993855	0.02873786898
78	8	0.001244722957	0.001633479827	0.007723554878
78	9	0.001526793213	0.002393568436	0.03034167456
79	0	0.0005755371849	0.02192602385	0.0268664779
79	1	0.006553166351	0.01088167551	0.03297736987
79	2	0.0002153968545	0.03486806518	0.03596885527
79	3	0.01163592126	0.021295212	0.08396735381
79	4	0.001740563075	0.005042686371	0.01030518754
79	5	0.007734661289	0.03418781143	0.04166184026
79	6	0.0004693092534	0.00169345132	0.01881701601
79	7	0.009018334602	0.01035170998	0.07660572971
79	8	0.001244722957	0.001633479827	0.005432824002
79	9	0.001526793213	0.01088640101	0.03130733083
80	0	0.0005755371849	0.02234944069	0.03204764896
80	1	0.003974709804	0.007251146662	0.04624578481
80	2	0.0002153968545	0.004038744849	0.03228561031
80	3	0.01163592126	0.01197161014	0.05015327531
80	4	0.004358540734	0.01520396812	0.02005509242
80	5	0.007734661289	0.03083761438	0.03418781143
80	6	0.0004693092534	0.00169345132	0.01669227446
80	7	0.002568934791	0.009355180117	0.05445270103
80	8	0.001633479827	0.01736262082	0.02063595664
80	9	0.001526793213	0.003608125687	0.01909353774
81	0	0.0005755371849	0.02177686625	0.04282204582
81	1	0.003974709804	0.009774199279	0.01929417126
81	2	0.0002153968545	0.0306765928	0.040906332
81	3	0.005976440375	0.01163592126	0.03920095103
81	4	0.003450420471	0.01520396812	0.01664031136
81	5	0.00229594861	0.02422621427	0.03418781143
81	6	0.001262119605	0.007283323035	0.03199540426
81	7	0.002618514996	0.009515793004	0.04295466043
81	8	0.001633479827	0.008270313372	0.02063595664
81	9	0.001526793213	0.003608125687	0.01095415314
82	0	0.0005755371849	0.01209987372	0.02378795643
82	1	0.003064056728	0.009774199279	0.01929417126
82	2	0.0002153968545	0.02123653556	0.040906332
82	3	0.00116188651	0.01163592126	0.03266739519
82	4	0.0002623574687	0.00319058818	0.00582645812
82	5	0.00229594861	0.02437390406	0.02595969364
82	6	0.0004168925248	0.0017889031	0.02060263115
82	7	0.002618514996	0.007376286371	0.03612204644
82	8	0.0009869350771	0.004047826215	0.007988326323
82	9	0.001526793213	0.005016068854	0.01095415314
83	0	0.006710011403	0.01045178398	0.02378795643
83	1	0.001085734025	0.003064056728	0.02505656096
83	2	0.006606739173	0.02123653556	0.03951560729
83	3	0.00116188651	0.01071532398	0.03557229634
83	4	0.00319058818	0.01087471938	0.01109449797
83	5	0.00229594861	0.02559993053	0.02595969364
83	6	0.0004168925248	0.01865940122	0.04237930455
83	7	0.002618514996	0.007176064388	0.03612204644
83	8	0.00264328031	0.004047826215	0.007988326323
83	9	0.0004667544297	0.005016068854	0.01095415314
84	0	0.003984612456	0.01448199098	0.02386016271
84	1	0.001085734025	0.003064056728	0.02505656096
84	2	0.005053137351	0.01018997167	0.01985746274
84	3	0.004324650837	0.01071532398	0.03416365643
84	4	0.005903030844	0.01511174142	0.01716069417
84	5	0.004407246804	0.01632404654	0.02811689743
84	6	0.0002301329744	0.01111300524	0.01865940122
84	7	0.00494978664	0.01612447242	0.0473596424
84	8	0.001091701645	0.006979148727	0.008139930946
84	9	0.0004667544297	0.008262345237	0.02836083463
85	0	0.003984612456	0.02046661491	0.02386016271
85	1	0.002782769797	0.003064056728	0.03272342756
85	2	0.009982607176	0.02290096801	0.04621117766
85	3	0.01071532398	0.01094220863	0.04049127033
85	4	0.003123577003	0.01201464848	0.01551360822
85	5	0.00478198929	0.01632404654	0.07502313986
85	6	0.0002301329744	0.007448490174	0.01111300524
85	7	0.007267098697	0.01612447242	0.03194574755
85	8	0.001091701645	0.00153063288	0.008139930946
85	9	0.0004667544297	0.00321982047	0.02543517693
86	0	0.003050560353	0.02124023949	0.0322953496
86	1	0.003660107795	0.003698019151	0.03272342756
86	2	0.003851129443	0.01029925271	0.03730348679
86	3	0.008061763092	0.01071532398	0.0296611021
86	4	0.003710455559	0.006594198961	0.0157499426
86	5	0.005152578193	0.02120220006	0.07502313986
86	6	0.0002301329744	0.009929171684	0.01111300524
86	7	0.005319786688	0.007043187036	0.03194574755
86	8	0.001091701645	0.001233781325	0.008139930946
86	9	0.001402326316	0.01805269509	0.02759764033
87	0	0.005929089239	0.009123851194	0.03773568476
87	1	0.002239800827	0.003698019151	0.03015623045
87	2	0.006162475181	0.01204381397	0.02814399667
87	3	0.008061763092	0.008091830618	0.0611388252
87	4	0.006430156257	0.01017596886	0.01884580851
87	5	0.005152578193	0.03934127753	0.05317487796
87	6	0.0002301329744	0.01111300524	0.01886360712
87	7	0.006338597737	0.01027540165	0.03954063085
87	8	0.001233781325	0.002536831357	0.008294858686
87	9	0.004490739645	0.02437822346	0.0321453772
88	0	0.005929089239	0.01050554533	0.02534977783
88	1	0.0007538409503	0.008159338372	0.03015623045
88	2	0.003919171553	0.006162475181	0.03064116206
88	3	0.001272883372	0.008258323507	0.05436532053
88	4	0.002222595017	0.00454256769	0.01102787161
88	5	0.005152578193	0.02401236439	0.0563086038
88	6	0.0002301329744	0.01149519459	0.01407132834
88	7	0.003992210183	0.00842175026	0.02135119427
88	8	0.001233781325	0.002536831357	0.008294858686
88	9	0.004490739645	0.01434477383	0.02437822346
89	0	0.001568944216	0.01050554533	0.02917499453
89	1	0.0007538409503	0.008159338372	0.02514092649
89	2	0.00615331617	0.01153731495	0.04611790107
89	3	0.009695896073	0.01388328817	0.0271444478
89	4	0.00368160732	0.009530698114	0.01769586492
89	5	0.005152578193	0.03500229507	0.04503467383
89	6	0.0002301329744	0.001536329124	0.01407132834
89	7	0.003992210183	0.01288697607	0.02021557268
89	8	0.001233781325	0.00145875322	0.008008851296
89	9	0.001585734561	0.004490739645	0.02755200127
90	0	0.001568944216	0.01439768009	0.02016155755
90	1	0.00663144495	0.007362587272	0.05337507911
90	2	0.008310088357	0.0137174574	0.02515639226
90	3	0.009426704554	0.01388328817	0.02458139657
90	4	0.006864783518	0.009530698114	0.03872014961
90	5	0.005192823416	0.02494074352	0.03804149265
90	6	0.001536329124	0.003250960094	0.01407132834
90	7	0.0008073879425	0.003296888571	0.03360234298
90	8	0.001233781325	0.003050244788	0.00612437118
90	9	0.004490739645	0.01366931204	0.02755200127
91	0	0.005895699694	0.01697457844	0.02016155755
91	1	0.0005797024566	0.007362587272	0.01958266691
91	2	0.00688796824	0.0256032183	0.06048673195
91	3	0.01027989345	0.01614969753	0.07241113742
91	4	0.000947354273	0.005025188313	0.03872014961
91	5	0.02459760079	0.02494074352	0.04862962538
91	6	0.001536329124	0.003250960094	0.02496240782
91	7	0.0008073879425	0.002944969459	0.0398747333
91	8	0.001233781325	0.00612437118	0.008068192735
91	9	0.004490739645	0.005574883327	0.02363816206
92	0	0.005895699694	0.01038888826	0.03509476814
92	1	0.001849328225	0.00515566903	0.03562773614
92	2	0.002556975412	0.0256032183	0.06099211933
92	3	0.004592035364	0.01027989345	0.06323843317
92	4	0.005025188313	0.01044405997	0.02808195708
92	5	0.02560620107	0.03623526841	0.04742477723
92	6	0.01116772416	0.01281117796	0.02866534582
92	7	0.002944969459	0.005970518081	0.0398747333
92	8	0.001233781325	0.003735064473	0.008914188848
92	9	0.002420542544	0.01057424744	0.02363816206
93	0	0.005895699694	0.01790349038	0.0347418809
93	1	0.004536409653	0.00552111696	0.03034620239
93	2	0.002556975412	0.01933386507	0.09166133962
93	3	0.004035644381	0.01694922153	0.05864800511
93	4	2.327381869e-05	0.0042951566	0.04744340382
93	5	0.0139986919	0.02560620107	0.04272911007
93	6	0.01116772416	0.01263310523	0.03707586793
93	7	0.0002189478974	0.004241178674	0.01907561812
93	8	0.001233781325	0.004157901624	0.008914188848
93	9	0.002420542544	0.01057424744	0.04130941914
94	0	0.005895699694	0.008624258699	0.03629185755
94	1	0.00489659482	0.00552111696	0.02638590372
94	2	0.002764418182	0.02297433293	0.04412305831
94	3	0.004035644381	0.02299129205	0.05864800511
94	4	0.003376073082	0.004113495575	0.01806738298
94	5	0.001145365712	0.01694793811	0.04272911007
94	6	0.003263216431	0.009288981815	0.03707586793
94	7	0.0002189478974	0.004241178674	0.03141268946
94	8	0.001233781325	0.007154713961	0.008914188848
94	9	0.002420542544	0.03426650226	0.03737204263
95	0	0.005895699694	0.007010290332	0.02420802711
95	1	0.007142846683	0.01108498547	0.0493123608
95	2	0.002195100149	0.002764418182	0.03870762058
95	3	0.004035644381	0.0118998286	0.05864800511
95	4	0.001054691744	0.00412534359	0.01806738298
95	5	0.01694793811	0.02144045219	0.03841404421
95	6	0.003865380853	0.01095706643	0.02562206294
95	7	0.0002189478974	0.001794356754	0.05462412382
95	8	0.001233781325	0.007154713961	0.00853682226
95	9	0.002420542544	0.007753422644	0.01487784298
96	0	0.001630302055	0.007010290332	0.03425504001
96	1	0.005759481143	0.01079733409	0.04734247077
96	2	0.004145863935	0.01572833811	0.0423380942
96	3	0.004035644381	0.008136843702	0.05864800511
96	4	0.00412534359	0.007586990581	0.0121842647
96	5	0.0006043194789	0.01694793811	0.03998192673
96	6	0.003865380853	0.006319442124	0.02562206294
96	7	0.001361823957	0.006633426684	0.04067758431
96	8	0.001233781325	0.004846100564	0.01924588866
96	9	0.002420542544	0.009157997043	0.02978142118
97	0	0.00513683899	0.05122268696	0.06229082427
97	1	0.00689915233	0.01079733409	0.03042830432
97	2	0.001429269379	0.03104644744	0.04020790674
97	3	0.008136843702	0.01217253082	0.05996622314
97	4	0.00273490562	0.02878595865	0.04157744116
97	5	0.009543591354	0.01608603727	0.04895082862
97	6	0.003256050835	0.003865380853	0.01448070238
97	7	0.001830110377	0.003481081045	0.04067758431
97	8	0.001233781325	0.004846100564	0.009673555188
97	9	0.002420542544	0.01373958782	0.02978142118
98	0	0.00513683899	0.04569066626	0.06229082427
98	1	0.00689915233	0.01079733409	0.0293180827
98	2	0.0005953293334	0.03084383615	0.06280796081
98	3	0.003919214073	0.005005669156	0.05996622314
98	4	0.00273490562	0.004384381726	0.01895971141
98	5	0.003957626925	0.04160718172	0.06276725123
98	6	0.003256050835	0.003865380853	0.02462011445
98	7	0.003481081045	0.006200691833	0.03517321886
98	8	0.002739651679	0.004846100564	0.005798979554
98	9	0.006310616766	0.007320543561	0.03016340645
99	0	0.006422719813	0.05552534507	0.06507637393
99	1	0.005396677346	0.01079733409	0.02853447005
99	2	0.005405424837	0.02093794796	0.06280796081
99	3	0.003311531098	0.01378192033	0.0665903488
99	4	0.003698777343	0.01828282167	0.02092156447
99	5	0.01063421354	0.03224844238	0.07006193814
99	6	0.003256050835	0.004980118163	0.02481845127
99	7	0.002201007643	0.005581308759	0.03273166766
99	8	0.001030580804	0.002739651679	0.007620560286
99	9	0.002681461089	0.003654147368	0.02518621059
