iter	locus	treeID
0	0	0
0	1	1
0	2	0
0	3	2
0	4	3
0	5	0
0	6	0
0	7	2
0	8	0
0	9	3
1	0	0
1	1	1
1	2	2
1	3	0
1	4	0
1	5	0
1	6	0
1	7	2
1	8	2
1	9	0
2	0	0
2	1	4
2	2	0
2	3	0
2	4	3
2	5	0
2	6	2
2	7	2
2	8	2
2	9	2
3	0	2
3	1	3
3	2	0
3	3	0
3	4	4
3	5	0
3	6	0
3	7	0
3	8	2
3	9	3
4	0	0
4	1	3
4	2	0
4	3	0
4	4	4
4	5	0
4	6	0
4	7	0
4	8	2
4	9	2
5	0	2
5	1	4
5	2	0
5	3	0
5	4	1
5	5	0
5	6	2
5	7	0
5	8	0
5	9	0
6	0	0
6	1	4
6	2	2
6	3	0
6	4	4
6	5	0
6	6	0
6	7	0
6	8	2
6	9	0
7	0	0
7	1	4
7	2	2
7	3	0
7	4	4
7	5	2
7	6	0
7	7	0
7	8	5
7	9	0
8	0	2
8	1	4
8	2	2
8	3	0
8	4	6
8	5	0
8	6	0
8	7	0
8	8	5
8	9	2
9	0	0
9	1	4
9	2	2
9	3	2
9	4	4
9	5	0
9	6	0
9	7	0
9	8	2
9	9	2
10	0	2
10	1	3
10	2	2
10	3	2
10	4	4
10	5	0
10	6	0
10	7	0
10	8	5
10	9	2
11	0	2
11	1	3
11	2	2
11	3	2
11	4	3
11	5	3
11	6	0
11	7	0
11	8	2
11	9	0
12	0	0
12	1	3
12	2	2
12	3	2
12	4	0
12	5	0
12	6	2
12	7	2
12	8	5
12	9	0
13	0	0
13	1	4
13	2	2
13	3	2
13	4	6
13	5	0
13	6	2
13	7	2
13	8	5
13	9	0
14	0	0
14	1	4
14	2	2
14	3	2
14	4	6
14	5	0
14	6	2
14	7	2
14	8	5
14	9	3
15	0	0
15	1	4
15	2	2
15	3	0
15	4	3
15	5	2
15	6	2
15	7	2
15	8	5
15	9	2
16	0	0
16	1	4
16	2	2
16	3	0
16	4	3
16	5	0
16	6	2
16	7	0
16	8	2
16	9	0
17	0	3
17	1	3
17	2	2
17	3	0
17	4	4
17	5	0
17	6	2
17	7	0
17	8	2
17	9	0
18	0	3
18	1	3
18	2	2
18	3	0
18	4	4
18	5	0
18	6	2
18	7	0
18	8	2
18	9	0
19	0	0
19	1	4
19	2	2
19	3	0
19	4	4
19	5	0
19	6	2
19	7	0
19	8	2
19	9	0
20	0	0
20	1	4
20	2	2
20	3	0
20	4	3
20	5	0
20	6	2
20	7	0
20	8	5
20	9	0
21	0	0
21	1	4
21	2	2
21	3	2
21	4	3
21	5	0
21	6	0
21	7	0
21	8	2
21	9	0
22	0	0
22	1	4
22	2	2
22	3	2
22	4	3
22	5	0
22	6	0
22	7	0
22	8	2
22	9	0
23	0	0
23	1	4
23	2	0
23	3	0
23	4	3
23	5	2
23	6	2
23	7	0
23	8	0
23	9	0
24	0	0
24	1	3
24	2	2
24	3	0
24	4	2
24	5	0
24	6	5
24	7	0
24	8	3
24	9	0
25	0	0
25	1	3
25	2	2
25	3	0
25	4	3
25	5	3
25	6	5
25	7	0
25	8	3
25	9	0
26	0	0
26	1	4
26	2	2
26	3	0
26	4	3
26	5	0
26	6	5
26	7	0
26	8	3
26	9	2
27	0	0
27	1	4
27	2	2
27	3	0
27	4	1
27	5	3
27	6	5
27	7	0
27	8	3
27	9	2
28	0	0
28	1	4
28	2	0
28	3	0
28	4	1
28	5	3
28	6	5
28	7	0
28	8	0
28	9	0
29	0	0
29	1	4
29	2	2
29	3	0
29	4	1
29	5	0
29	6	2
29	7	0
29	8	0
29	9	0
30	0	3
30	1	4
30	2	2
30	3	0
30	4	6
30	5	0
30	6	2
30	7	0
30	8	0
30	9	2
31	0	2
31	1	4
31	2	2
31	3	0
31	4	1
31	5	0
31	6	2
31	7	0
31	8	0
31	9	2
32	0	0
32	1	4
32	2	2
32	3	2
32	4	1
32	5	0
32	6	2
32	7	0
32	8	2
32	9	2
33	0	2
33	1	4
33	2	2
33	3	0
33	4	1
33	5	3
33	6	2
33	7	0
33	8	0
33	9	2
34	0	2
34	1	3
34	2	2
34	3	0
34	4	4
34	5	3
34	6	2
34	7	0
34	8	0
34	9	0
35	0	0
35	1	3
35	2	2
35	3	0
35	4	3
35	5	3
35	6	2
35	7	0
35	8	3
35	9	2
36	0	0
36	1	4
36	2	2
36	3	2
36	4	3
36	5	3
36	6	2
36	7	0
36	8	3
36	9	2
37	0	0
37	1	4
37	2	5
37	3	2
37	4	3
37	5	3
37	6	0
37	7	0
37	8	3
37	9	0
38	0	0
38	1	4
38	2	5
38	3	2
38	4	3
38	5	3
38	6	0
38	7	0
38	8	3
38	9	2
39	0	0
39	1	4
39	2	2
39	3	2
39	4	3
39	5	3
39	6	0
39	7	0
39	8	2
39	9	0
40	0	0
40	1	4
40	2	2
40	3	2
40	4	3
40	5	0
40	6	0
40	7	0
40	8	5
40	9	2
41	0	0
41	1	4
41	2	2
41	3	0
41	4	3
41	5	0
41	6	0
41	7	0
41	8	2
41	9	0
42	0	0
42	1	4
42	2	2
42	3	0
42	4	2
42	5	2
42	6	0
42	7	0
42	8	0
42	9	0
43	0	0
43	1	4
43	2	0
43	3	0
43	4	0
43	5	0
43	6	0
43	7	0
43	8	0
43	9	2
44	0	0
44	1	4
44	2	2
44	3	0
44	4	5
44	5	0
44	6	0
44	7	0
44	8	0
44	9	2
45	0	0
45	1	4
45	2	2
45	3	0
45	4	5
45	5	0
45	6	0
45	7	0
45	8	2
45	9	0
46	0	0
46	1	3
46	2	2
46	3	2
46	4	1
46	5	0
46	6	0
46	7	0
46	8	5
46	9	0
47	0	0
47	1	4
47	2	2
47	3	2
47	4	6
47	5	0
47	6	2
47	7	2
47	8	5
47	9	0
48	0	0
48	1	4
48	2	2
48	3	0
48	4	4
48	5	0
48	6	2
48	7	2
48	8	5
48	9	2
49	0	0
49	1	3
49	2	2
49	3	2
49	4	4
49	5	3
49	6	2
49	7	2
49	8	0
49	9	2
50	0	0
50	1	4
50	2	2
50	3	2
50	4	4
50	5	0
50	6	0
50	7	0
50	8	0
50	9	2
51	0	0
51	1	4
51	2	2
51	3	0
51	4	4
51	5	0
51	6	0
51	7	2
51	8	0
51	9	2
52	0	0
52	1	4
52	2	5
52	3	0
52	4	4
52	5	0
52	6	0
52	7	2
52	8	0
52	9	0
53	0	0
53	1	4
53	2	5
53	3	0
53	4	6
53	5	2
53	6	0
53	7	2
53	8	0
53	9	2
54	0	0
54	1	3
54	2	2
54	3	2
54	4	6
54	5	3
54	6	0
54	7	2
54	8	5
54	9	2
55	0	0
55	1	4
55	2	2
55	3	2
55	4	6
55	5	0
55	6	0
55	7	0
55	8	0
55	9	3
56	0	0
56	1	3
56	2	0
56	3	2
56	4	1
56	5	0
56	6	0
56	7	0
56	8	0
56	9	0
57	0	0
57	1	4
57	2	2
57	3	2
57	4	6
57	5	2
57	6	0
57	7	0
57	8	0
57	9	0
58	0	0
58	1	3
58	2	2
58	3	0
58	4	2
58	5	2
58	6	0
58	7	0
58	8	0
58	9	2
59	0	0
59	1	4
59	2	2
59	3	2
59	4	6
59	5	0
59	6	2
59	7	2
59	8	0
59	9	0
60	0	0
60	1	3
60	2	2
60	3	2
60	4	4
60	5	0
60	6	2
60	7	2
60	8	5
60	9	2
61	0	0
61	1	3
61	2	2
61	3	2
61	4	3
61	5	0
61	6	2
61	7	0
61	8	2
61	9	2
62	0	0
62	1	4
62	2	2
62	3	2
62	4	2
62	5	2
62	6	2
62	7	2
62	8	2
62	9	2
63	0	0
63	1	4
63	2	2
63	3	2
63	4	3
63	5	0
63	6	2
63	7	0
63	8	2
63	9	0
64	0	0
64	1	4
64	2	2
64	3	2
64	4	4
64	5	0
64	6	2
64	7	2
64	8	2
64	9	0
65	0	0
65	1	4
65	2	2
65	3	0
65	4	1
65	5	0
65	6	2
65	7	2
65	8	0
65	9	0
66	0	0
66	1	4
66	2	2
66	3	0
66	4	1
66	5	3
66	6	0
66	7	2
66	8	3
66	9	2
67	0	0
67	1	4
67	2	2
67	3	2
67	4	1
67	5	3
67	6	0
67	7	2
67	8	0
67	9	2
68	0	0
68	1	4
68	2	2
68	3	2
68	4	2
68	5	0
68	6	2
68	7	0
68	8	5
68	9	2
69	0	0
69	1	3
69	2	2
69	3	2
69	4	6
69	5	0
69	6	2
69	7	0
69	8	2
69	9	0
70	0	0
70	1	4
70	2	2
70	3	2
70	4	6
70	5	0
70	6	2
70	7	0
70	8	2
70	9	0
71	0	0
71	1	4
71	2	2
71	3	2
71	4	4
71	5	3
71	6	5
71	7	0
71	8	0
71	9	2
72	0	0
72	1	4
72	2	2
72	3	2
72	4	1
72	5	0
72	6	2
72	7	0
72	8	3
72	9	2
73	0	0
73	1	4
73	2	2
73	3	0
73	4	1
73	5	0
73	6	2
73	7	2
73	8	3
73	9	2
74	0	0
74	1	4
74	2	2
74	3	2
74	4	6
74	5	2
74	6	0
74	7	2
74	8	3
74	9	2
75	0	2
75	1	4
75	2	2
75	3	0
75	4	6
75	5	0
75	6	0
75	7	2
75	8	3
75	9	0
76	0	3
76	1	4
76	2	5
76	3	0
76	4	6
76	5	0
76	6	0
76	7	2
76	8	2
76	9	2
77	0	0
77	1	4
77	2	5
77	3	0
77	4	4
77	5	0
77	6	0
77	7	2
77	8	5
77	9	2
78	0	3
78	1	4
78	2	2
78	3	0
78	4	3
78	5	0
78	6	3
78	7	2
78	8	0
78	9	0
79	0	3
79	1	4
79	2	2
79	3	0
79	4	1
79	5	0
79	6	2
79	7	2
79	8	0
79	9	0
80	0	0
80	1	4
80	2	2
80	3	0
80	4	1
80	5	3
80	6	2
80	7	2
80	8	2
80	9	0
81	0	0
81	1	4
81	2	2
81	3	2
81	4	4
81	5	3
81	6	2
81	7	2
81	8	2
81	9	0
82	0	0
82	1	4
82	2	2
82	3	2
82	4	4
82	5	3
82	6	0
82	7	2
82	8	0
82	9	0
83	0	0
83	1	4
83	2	2
83	3	2
83	4	6
83	5	3
83	6	0
83	7	2
83	8	0
83	9	0
84	0	0
84	1	4
84	2	0
84	3	2
84	4	3
84	5	0
84	6	3
84	7	2
84	8	5
84	9	0
85	0	3
85	1	3
85	2	2
85	3	0
85	4	6
85	5	0
85	6	3
85	7	2
85	8	2
85	9	0
86	0	0
86	1	4
86	2	2
86	3	2
86	4	1
86	5	0
86	6	3
86	7	2
86	8	2
86	9	0
87	0	0
87	1	4
87	2	2
87	3	2
87	4	6
87	5	3
87	6	3
87	7	2
87	8	0
87	9	3
88	0	0
88	1	4
88	2	0
88	3	2
88	4	1
88	5	3
88	6	0
88	7	0
88	8	0
88	9	3
89	0	0
89	1	4
89	2	0
89	3	2
89	4	4
89	5	3
89	6	0
89	7	0
89	8	0
89	9	2
90	0	0
90	1	4
90	2	2
90	3	2
90	4	3
90	5	0
90	6	2
90	7	0
90	8	0
90	9	0
91	0	0
91	1	4
91	2	2
91	3	0
91	4	3
91	5	0
91	6	2
91	7	0
91	8	3
91	9	0
92	0	0
92	1	4
92	2	2
92	3	2
92	4	3
92	5	0
92	6	2
92	7	2
92	8	0
92	9	0
93	0	0
93	1	4
93	2	2
93	3	2
93	4	4
93	5	2
93	6	2
93	7	0
93	8	0
93	9	0
94	0	0
94	1	4
94	2	2
94	3	2
94	4	4
94	5	0
94	6	0
94	7	0
94	8	0
94	9	0
95	0	0
95	1	4
95	2	0
95	3	2
95	4	3
95	5	2
95	6	2
95	7	0
95	8	0
95	9	0
96	0	0
96	1	4
96	2	2
96	3	2
96	4	4
96	5	0
96	6	2
96	7	0
96	8	0
96	9	0
97	0	0
97	1	4
97	2	2
97	3	0
97	4	4
97	5	0
97	6	0
97	7	0
97	8	0
97	9	0
98	0	0
98	1	4
98	2	2
98	3	0
98	4	6
98	5	0
98	6	0
98	7	2
98	8	0
98	9	2
99	0	0
99	1	4
99	2	2
99	3	2
99	4	4
99	5	0
99	6	0
99	7	0
99	8	2
99	9	2
