iter	locus	tip0	tip1	tip2	tip3
0	0	3	4	1	2
0	1	1	4	2	3
0	2	3	4	1	2
0	3	1	2	3	4
0	4	1	2	3	4
0	5	3	4	1	2
0	6	3	4	1	2
0	7	1	2	3	4
0	8	3	4	1	2
0	9	2	1	3	4
1	0	3	4	1	2
1	1	1	4	2	3
1	2	1	2	3	4
1	3	3	4	1	2
1	4	3	4	1	2
1	5	3	4	1	2
1	6	3	4	1	2
1	7	1	2	3	4
1	8	1	2	3	4
1	9	3	4	1	2
2	0	3	4	1	2
2	1	2	3	1	4
2	2	3	4	1	2
2	3	3	4	1	2
2	4	2	1	3	4
2	5	3	4	1	2
2	6	1	2	3	4
2	7	1	2	3	4
2	8	1	2	3	4
2	9	1	2	3	4
3	0	1	2	3	4
3	1	2	1	3	4
3	2	3	4	1	2
3	3	3	4	1	2
3	4	2	3	1	4
3	5	3	4	1	2
3	6	3	4	1	2
3	7	3	4	1	2
3	8	1	2	3	4
3	9	1	2	3	4
4	0	3	4	1	2
4	1	2	1	3	4
4	2	3	4	1	2
4	3	3	4	1	2
4	4	2	4	1	3
4	5	3	4	1	2
4	6	3	4	1	2
4	7	3	4	1	2
4	8	1	2	3	4
4	9	1	2	3	4
5	0	1	2	3	4
5	1	2	3	1	4
5	2	3	4	1	2
5	3	3	4	1	2
5	4	1	3	2	4
5	5	3	4	1	2
5	6	1	2	3	4
5	7	3	4	1	2
5	8	3	4	1	2
5	9	3	4	1	2
6	0	3	4	1	2
6	1	2	4	1	3
6	2	1	2	3	4
6	3	3	4	1	2
6	4	2	3	1	4
6	5	3	4	1	2
6	6	3	4	1	2
6	7	3	4	1	2
6	8	1	2	3	4
6	9	3	4	1	2
7	0	3	4	1	2
7	1	2	4	1	3
7	2	1	2	3	4
7	3	3	4	1	2
7	4	2	3	1	4
7	5	1	2	3	4
7	6	3	4	1	2
7	7	3	4	1	2
7	8	4	3	1	2
7	9	3	4	1	2
8	0	1	2	3	4
8	1	2	4	1	3
8	2	1	2	3	4
8	3	3	4	1	2
8	4	4	2	1	3
8	5	3	4	1	2
8	6	3	4	1	2
8	7	3	4	1	2
8	8	4	3	1	2
8	9	1	2	3	4
9	0	3	4	1	2
9	1	2	3	1	4
9	2	1	2	3	4
9	3	1	2	3	4
9	4	2	4	1	3
9	5	3	4	1	2
9	6	3	4	1	2
9	7	3	4	1	2
9	8	1	2	3	4
9	9	1	2	3	4
10	0	1	2	3	4
10	1	2	1	3	4
10	2	1	2	3	4
10	3	1	2	3	4
10	4	2	3	1	4
10	5	3	4	1	2
10	6	3	4	1	2
10	7	3	4	1	2
10	8	3	4	1	2
10	9	1	2	3	4
11	0	1	2	3	4
11	1	2	1	3	4
11	2	1	2	3	4
11	3	1	2	3	4
11	4	2	1	3	4
11	5	1	2	3	4
11	6	3	4	1	2
11	7	3	4	1	2
11	8	1	2	3	4
11	9	3	4	1	2
12	0	3	4	1	2
12	1	2	1	3	4
12	2	1	2	3	4
12	3	1	2	3	4
12	4	3	4	1	2
12	5	3	4	1	2
12	6	1	2	3	4
12	7	1	2	3	4
12	8	3	4	1	2
12	9	3	4	1	2
13	0	3	4	1	2
13	1	2	4	1	3
13	2	1	2	3	4
13	3	1	2	3	4
13	4	3	1	2	4
13	5	3	4	1	2
13	6	1	2	3	4
13	7	1	2	3	4
13	8	4	3	1	2
13	9	3	4	1	2
14	0	3	4	1	2
14	1	2	4	1	3
14	2	1	2	3	4
14	3	1	2	3	4
14	4	3	2	1	4
14	5	3	4	1	2
14	6	1	2	3	4
14	7	1	2	3	4
14	8	4	3	1	2
14	9	1	2	3	4
15	0	3	4	1	2
15	1	2	4	1	3
15	2	1	2	3	4
15	3	3	4	1	2
15	4	2	1	3	4
15	5	1	2	3	4
15	6	1	2	3	4
15	7	1	2	3	4
15	8	4	3	1	2
15	9	1	2	3	4
16	0	3	4	1	2
16	1	2	3	1	4
16	2	1	2	3	4
16	3	3	4	1	2
16	4	2	1	3	4
16	5	3	4	1	2
16	6	1	2	3	4
16	7	3	4	1	2
16	8	1	2	3	4
16	9	3	4	1	2
17	0	1	2	3	4
17	1	2	1	3	4
17	2	1	2	3	4
17	3	3	4	1	2
17	4	2	3	1	4
17	5	3	4	1	2
17	6	1	2	3	4
17	7	3	4	1	2
17	8	1	2	3	4
17	9	3	4	1	2
18	0	1	2	3	4
18	1	2	1	3	4
18	2	1	2	3	4
18	3	3	4	1	2
18	4	2	3	1	4
18	5	3	4	1	2
18	6	1	2	3	4
18	7	3	4	1	2
18	8	1	2	3	4
18	9	3	4	1	2
19	0	3	4	1	2
19	1	2	3	1	4
19	2	1	2	3	4
19	3	3	4	1	2
19	4	2	3	1	4
19	5	3	4	1	2
19	6	1	2	3	4
19	7	3	4	1	2
19	8	1	2	3	4
19	9	3	4	1	2
20	0	3	4	1	2
20	1	2	3	1	4
20	2	1	2	3	4
20	3	3	4	1	2
20	4	1	2	3	4
20	5	3	4	1	2
20	6	1	2	3	4
20	7	3	4	1	2
20	8	3	4	1	2
20	9	3	4	1	2
21	0	3	4	1	2
21	1	2	3	1	4
21	2	1	2	3	4
21	3	1	2	3	4
21	4	2	1	3	4
21	5	3	4	1	2
21	6	3	4	1	2
21	7	3	4	1	2
21	8	1	2	3	4
21	9	3	4	1	2
22	0	3	4	1	2
22	1	2	3	1	4
22	2	1	2	3	4
22	3	1	2	3	4
22	4	2	1	3	4
22	5	3	4	1	2
22	6	3	4	1	2
22	7	3	4	1	2
22	8	1	2	3	4
22	9	3	4	1	2
23	0	3	4	1	2
23	1	2	3	1	4
23	2	3	4	1	2
23	3	3	4	1	2
23	4	2	1	3	4
23	5	1	2	3	4
23	6	1	2	3	4
23	7	3	4	1	2
23	8	3	4	1	2
23	9	3	4	1	2
24	0	3	4	1	2
24	1	2	1	3	4
24	2	1	2	3	4
24	3	3	4	1	2
24	4	1	2	3	4
24	5	3	4	1	2
24	6	3	4	1	2
24	7	3	4	1	2
24	8	2	1	3	4
24	9	3	4	1	2
25	0	3	4	1	2
25	1	2	1	3	4
25	2	1	2	3	4
25	3	3	4	1	2
25	4	2	1	3	4
25	5	2	1	3	4
25	6	3	4	1	2
25	7	3	4	1	2
25	8	1	2	3	4
25	9	3	4	1	2
26	0	3	4	1	2
26	1	2	4	1	3
26	2	1	2	3	4
26	3	3	4	1	2
26	4	2	1	3	4
26	5	3	4	1	2
26	6	3	4	1	2
26	7	3	4	1	2
26	8	1	2	3	4
26	9	1	2	3	4
27	0	3	4	1	2
27	1	2	4	1	3
27	2	1	2	3	4
27	3	3	4	1	2
27	4	1	3	2	4
27	5	1	2	3	4
27	6	4	3	1	2
27	7	3	4	1	2
27	8	1	2	3	4
27	9	1	2	3	4
28	0	3	4	1	2
28	1	2	4	1	3
28	2	3	4	1	2
28	3	3	4	1	2
28	4	1	3	2	4
28	5	2	1	3	4
28	6	4	3	1	2
28	7	3	4	1	2
28	8	3	4	1	2
28	9	3	4	1	2
29	0	3	4	1	2
29	1	2	4	1	3
29	2	1	2	3	4
29	3	3	4	1	2
29	4	1	3	2	4
29	5	3	4	1	2
29	6	1	2	3	4
29	7	3	4	1	2
29	8	3	4	1	2
29	9	3	4	1	2
30	0	2	1	3	4
30	1	2	4	1	3
30	2	1	2	3	4
30	3	3	4	1	2
30	4	4	2	1	3
30	5	3	4	1	2
30	6	1	2	3	4
30	7	3	4	1	2
30	8	3	4	1	2
30	9	1	2	3	4
31	0	1	2	3	4
31	1	2	4	1	3
31	2	1	2	3	4
31	3	3	4	1	2
31	4	1	3	2	4
31	5	3	4	1	2
31	6	1	2	3	4
31	7	3	4	1	2
31	8	3	4	1	2
31	9	1	2	3	4
32	0	3	4	1	2
32	1	2	4	1	3
32	2	1	2	3	4
32	3	1	2	3	4
32	4	2	4	1	3
32	5	3	4	1	2
32	6	1	2	3	4
32	7	3	4	1	2
32	8	1	2	3	4
32	9	1	2	3	4
33	0	1	2	3	4
33	1	2	4	1	3
33	2	1	2	3	4
33	3	3	4	1	2
33	4	2	4	1	3
33	5	1	2	3	4
33	6	1	2	3	4
33	7	3	4	1	2
33	8	3	4	1	2
33	9	1	2	3	4
34	0	1	2	3	4
34	1	2	1	3	4
34	2	1	2	3	4
34	3	3	4	1	2
34	4	1	3	2	4
34	5	2	1	3	4
34	6	1	2	3	4
34	7	3	4	1	2
34	8	3	4	1	2
34	9	3	4	1	2
35	0	3	4	1	2
35	1	2	1	3	4
35	2	1	2	3	4
35	3	3	4	1	2
35	4	2	1	3	4
35	5	2	1	3	4
35	6	1	2	3	4
35	7	3	4	1	2
35	8	2	1	3	4
35	9	1	2	3	4
36	0	3	4	1	2
36	1	2	4	1	3
36	2	1	2	3	4
36	3	1	2	3	4
36	4	2	1	3	4
36	5	2	1	3	4
36	6	1	2	3	4
36	7	3	4	1	2
36	8	2	1	3	4
36	9	1	2	3	4
37	0	3	4	1	2
37	1	2	4	1	3
37	2	3	4	1	2
37	3	1	2	3	4
37	4	2	1	3	4
37	5	2	1	3	4
37	6	3	4	1	2
37	7	3	4	1	2
37	8	2	1	3	4
37	9	3	4	1	2
38	0	3	4	1	2
38	1	2	4	1	3
38	2	3	4	1	2
38	3	1	2	3	4
38	4	2	1	3	4
38	5	2	1	3	4
38	6	3	4	1	2
38	7	3	4	1	2
38	8	2	1	3	4
38	9	1	2	3	4
39	0	3	4	1	2
39	1	2	3	1	4
39	2	1	2	3	4
39	3	1	2	3	4
39	4	2	1	3	4
39	5	1	2	3	4
39	6	3	4	1	2
39	7	3	4	1	2
39	8	1	2	3	4
39	9	3	4	1	2
40	0	3	4	1	2
40	1	2	3	1	4
40	2	1	2	3	4
40	3	1	2	3	4
40	4	2	1	3	4
40	5	3	4	1	2
40	6	3	4	1	2
40	7	3	4	1	2
40	8	3	4	1	2
40	9	1	2	3	4
41	0	3	4	1	2
41	1	2	3	1	4
41	2	1	2	3	4
41	3	3	4	1	2
41	4	2	1	3	4
41	5	3	4	1	2
41	6	3	4	1	2
41	7	3	4	1	2
41	8	1	2	3	4
41	9	3	4	1	2
42	0	3	4	1	2
42	1	2	3	1	4
42	2	1	2	3	4
42	3	3	4	1	2
42	4	1	2	3	4
42	5	1	2	3	4
42	6	3	4	1	2
42	7	3	4	1	2
42	8	3	4	1	2
42	9	3	4	1	2
43	0	3	4	1	2
43	1	2	4	1	3
43	2	3	4	1	2
43	3	3	4	1	2
43	4	3	4	1	2
43	5	3	4	1	2
43	6	3	4	1	2
43	7	3	4	1	2
43	8	3	4	1	2
43	9	1	2	3	4
44	0	3	4	1	2
44	1	2	4	1	3
44	2	1	2	3	4
44	3	3	4	1	2
44	4	4	3	1	2
44	5	3	4	1	2
44	6	3	4	1	2
44	7	3	4	1	2
44	8	3	4	1	2
44	9	1	2	3	4
45	0	3	4	1	2
45	1	2	4	1	3
45	2	1	2	3	4
45	3	3	4	1	2
45	4	3	4	1	2
45	5	3	4	1	2
45	6	3	4	1	2
45	7	3	4	1	2
45	8	1	2	3	4
45	9	3	4	1	2
46	0	3	4	1	2
46	1	2	1	3	4
46	2	1	2	3	4
46	3	1	2	3	4
46	4	2	3	1	4
46	5	3	4	1	2
46	6	3	4	1	2
46	7	3	4	1	2
46	8	4	3	1	2
46	9	3	4	1	2
47	0	3	4	1	2
47	1	2	4	1	3
47	2	1	2	3	4
47	3	1	2	3	4
47	4	3	2	1	4
47	5	3	4	1	2
47	6	1	2	3	4
47	7	1	2	3	4
47	8	3	4	1	2
47	9	3	4	1	2
48	0	3	4	1	2
48	1	2	4	1	3
48	2	1	2	3	4
48	3	3	4	1	2
48	4	2	4	1	3
48	5	3	4	1	2
48	6	1	2	3	4
48	7	1	2	3	4
48	8	4	3	1	2
48	9	1	2	3	4
49	0	3	4	1	2
49	1	2	1	3	4
49	2	1	2	3	4
49	3	1	2	3	4
49	4	2	3	1	4
49	5	2	1	3	4
49	6	1	2	3	4
49	7	1	2	3	4
49	8	3	4	1	2
49	9	1	2	3	4
50	0	3	4	1	2
50	1	2	3	1	4
50	2	1	2	3	4
50	3	1	2	3	4
50	4	2	3	1	4
50	5	3	4	1	2
50	6	3	4	1	2
50	7	3	4	1	2
50	8	3	4	1	2
50	9	1	2	3	4
51	0	3	4	1	2
51	1	2	4	1	3
51	2	1	2	3	4
51	3	3	4	1	2
51	4	2	3	1	4
51	5	3	4	1	2
51	6	3	4	1	2
51	7	1	2	3	4
51	8	3	4	1	2
51	9	1	2	3	4
52	0	3	4	1	2
52	1	2	4	1	3
52	2	3	4	1	2
52	3	3	4	1	2
52	4	2	4	1	3
52	5	3	4	1	2
52	6	3	4	1	2
52	7	1	2	3	4
52	8	3	4	1	2
52	9	3	4	1	2
53	0	3	4	1	2
53	1	2	4	1	3
53	2	3	4	1	2
53	3	3	4	1	2
53	4	3	2	1	4
53	5	1	2	3	4
53	6	3	4	1	2
53	7	1	2	3	4
53	8	3	4	1	2
53	9	1	2	3	4
54	0	3	4	1	2
54	1	2	1	3	4
54	2	1	2	3	4
54	3	1	2	3	4
54	4	3	2	1	4
54	5	1	2	3	4
54	6	3	4	1	2
54	7	1	2	3	4
54	8	4	3	1	2
54	9	1	2	3	4
55	0	3	4	1	2
55	1	2	4	1	3
55	2	1	2	3	4
55	3	1	2	3	4
55	4	3	2	1	4
55	5	3	4	1	2
55	6	3	4	1	2
55	7	3	4	1	2
55	8	3	4	1	2
55	9	1	2	3	4
56	0	3	4	1	2
56	1	2	1	3	4
56	2	3	4	1	2
56	3	1	2	3	4
56	4	1	3	2	4
56	5	3	4	1	2
56	6	3	4	1	2
56	7	3	4	1	2
56	8	3	4	1	2
56	9	3	4	1	2
57	0	3	4	1	2
57	1	2	3	1	4
57	2	1	2	3	4
57	3	1	2	3	4
57	4	3	1	2	4
57	5	1	2	3	4
57	6	3	4	1	2
57	7	3	4	1	2
57	8	3	4	1	2
57	9	3	4	1	2
58	0	3	4	1	2
58	1	2	1	3	4
58	2	1	2	3	4
58	3	3	4	1	2
58	4	1	2	3	4
58	5	1	2	3	4
58	6	3	4	1	2
58	7	3	4	1	2
58	8	3	4	1	2
58	9	1	2	3	4
59	0	3	4	1	2
59	1	2	3	1	4
59	2	1	2	3	4
59	3	1	2	3	4
59	4	3	2	1	4
59	5	3	4	1	2
59	6	1	2	3	4
59	7	1	2	3	4
59	8	3	4	1	2
59	9	3	4	1	2
60	0	3	4	1	2
60	1	2	1	3	4
60	2	1	2	3	4
60	3	1	2	3	4
60	4	2	3	1	4
60	5	3	4	1	2
60	6	1	2	3	4
60	7	1	2	3	4
60	8	4	3	1	2
60	9	1	2	3	4
61	0	3	4	1	2
61	1	2	1	3	4
61	2	1	2	3	4
61	3	1	2	3	4
61	4	2	1	3	4
61	5	3	4	1	2
61	6	1	2	3	4
61	7	3	4	1	2
61	8	1	2	3	4
61	9	1	2	3	4
62	0	3	4	1	2
62	1	2	3	1	4
62	2	1	2	3	4
62	3	1	2	3	4
62	4	1	2	3	4
62	5	1	2	3	4
62	6	1	2	3	4
62	7	1	2	3	4
62	8	1	2	3	4
62	9	1	2	3	4
63	0	3	4	1	2
63	1	2	4	1	3
63	2	1	2	3	4
63	3	1	2	3	4
63	4	2	1	3	4
63	5	3	4	1	2
63	6	1	2	3	4
63	7	3	4	1	2
63	8	1	2	3	4
63	9	3	4	1	2
64	0	3	4	1	2
64	1	2	4	1	3
64	2	1	2	3	4
64	3	1	2	3	4
64	4	2	4	1	3
64	5	3	4	1	2
64	6	1	2	3	4
64	7	1	2	3	4
64	8	1	2	3	4
64	9	3	4	1	2
65	0	3	4	1	2
65	1	2	4	1	3
65	2	1	2	3	4
65	3	3	4	1	2
65	4	1	3	2	4
65	5	3	4	1	2
65	6	1	2	3	4
65	7	1	2	3	4
65	8	3	4	1	2
65	9	3	4	1	2
66	0	3	4	1	2
66	1	2	4	1	3
66	2	1	2	3	4
66	3	3	4	1	2
66	4	2	3	1	4
66	5	2	1	3	4
66	6	3	4	1	2
66	7	1	2	3	4
66	8	1	2	3	4
66	9	1	2	3	4
67	0	3	4	1	2
67	1	2	3	1	4
67	2	1	2	3	4
67	3	1	2	3	4
67	4	1	4	2	3
67	5	2	1	3	4
67	6	3	4	1	2
67	7	1	2	3	4
67	8	3	4	1	2
67	9	1	2	3	4
68	0	3	4	1	2
68	1	2	4	1	3
68	2	1	2	3	4
68	3	1	2	3	4
68	4	1	2	3	4
68	5	3	4	1	2
68	6	1	2	3	4
68	7	3	4	1	2
68	8	3	4	1	2
68	9	1	2	3	4
69	0	3	4	1	2
69	1	2	1	3	4
69	2	1	2	3	4
69	3	1	2	3	4
69	4	4	2	1	3
69	5	3	4	1	2
69	6	1	2	3	4
69	7	3	4	1	2
69	8	1	2	3	4
69	9	3	4	1	2
70	0	3	4	1	2
70	1	2	4	1	3
70	2	1	2	3	4
70	3	1	2	3	4
70	4	4	2	1	3
70	5	3	4	1	2
70	6	1	2	3	4
70	7	3	4	1	2
70	8	1	2	3	4
70	9	3	4	1	2
71	0	3	4	1	2
71	1	2	4	1	3
71	2	1	2	3	4
71	3	1	2	3	4
71	4	2	4	1	3
71	5	1	2	3	4
71	6	4	3	1	2
71	7	3	4	1	2
71	8	3	4	1	2
71	9	1	2	3	4
72	0	3	4	1	2
72	1	2	4	1	3
72	2	1	2	3	4
72	3	1	2	3	4
72	4	2	4	1	3
72	5	3	4	1	2
72	6	1	2	3	4
72	7	3	4	1	2
72	8	2	1	3	4
72	9	1	2	3	4
73	0	3	4	1	2
73	1	2	4	1	3
73	2	1	2	3	4
73	3	3	4	1	2
73	4	1	3	2	4
73	5	3	4	1	2
73	6	1	2	3	4
73	7	1	2	3	4
73	8	1	2	3	4
73	9	1	2	3	4
74	0	3	4	1	2
74	1	2	4	1	3
74	2	1	2	3	4
74	3	1	2	3	4
74	4	3	1	2	4
74	5	1	2	3	4
74	6	3	4	1	2
74	7	1	2	3	4
74	8	1	2	3	4
74	9	1	2	3	4
75	0	1	2	3	4
75	1	2	4	1	3
75	2	1	2	3	4
75	3	3	4	1	2
75	4	3	2	1	4
75	5	3	4	1	2
75	6	3	4	1	2
75	7	1	2	3	4
75	8	2	1	3	4
75	9	3	4	1	2
76	0	2	1	3	4
76	1	2	4	1	3
76	2	4	3	1	2
76	3	3	4	1	2
76	4	3	2	1	4
76	5	3	4	1	2
76	6	3	4	1	2
76	7	1	2	3	4
76	8	1	2	3	4
76	9	1	2	3	4
77	0	3	4	1	2
77	1	2	4	1	3
77	2	3	4	1	2
77	3	3	4	1	2
77	4	2	4	1	3
77	5	3	4	1	2
77	6	3	4	1	2
77	7	1	2	3	4
77	8	4	3	1	2
77	9	1	2	3	4
78	0	2	1	3	4
78	1	2	4	1	3
78	2	1	2	3	4
78	3	3	4	1	2
78	4	2	1	3	4
78	5	3	4	1	2
78	6	2	1	3	4
78	7	1	2	3	4
78	8	3	4	1	2
78	9	3	4	1	2
79	0	2	1	3	4
79	1	2	4	1	3
79	2	1	2	3	4
79	3	3	4	1	2
79	4	2	4	1	3
79	5	3	4	1	2
79	6	1	2	3	4
79	7	1	2	3	4
79	8	3	4	1	2
79	9	3	4	1	2
80	0	3	4	1	2
80	1	2	4	1	3
80	2	1	2	3	4
80	3	3	4	1	2
80	4	2	4	1	3
80	5	1	2	3	4
80	6	1	2	3	4
80	7	1	2	3	4
80	8	1	2	3	4
80	9	3	4	1	2
81	0	3	4	1	2
81	1	2	4	1	3
81	2	1	2	3	4
81	3	1	2	3	4
81	4	2	3	1	4
81	5	2	1	3	4
81	6	1	2	3	4
81	7	1	2	3	4
81	8	1	2	3	4
81	9	3	4	1	2
82	0	3	4	1	2
82	1	2	4	1	3
82	2	1	2	3	4
82	3	1	2	3	4
82	4	2	3	1	4
82	5	2	1	3	4
82	6	3	4	1	2
82	7	1	2	3	4
82	8	3	4	1	2
82	9	3	4	1	2
83	0	3	4	1	2
83	1	2	4	1	3
83	2	1	2	3	4
83	3	1	2	3	4
83	4	4	2	1	3
83	5	2	1	3	4
83	6	3	4	1	2
83	7	1	2	3	4
83	8	3	4	1	2
83	9	3	4	1	2
84	0	3	4	1	2
84	1	2	4	1	3
84	2	3	4	1	2
84	3	1	2	3	4
84	4	1	2	3	4
84	5	3	4	1	2
84	6	2	1	3	4
84	7	1	2	3	4
84	8	4	3	1	2
84	9	3	4	1	2
85	0	2	1	3	4
85	1	2	1	3	4
85	2	1	2	3	4
85	3	3	4	1	2
85	4	3	2	1	4
85	5	3	4	1	2
85	6	1	2	3	4
85	7	1	2	3	4
85	8	1	2	3	4
85	9	3	4	1	2
86	0	3	4	1	2
86	1	2	3	1	4
86	2	1	2	3	4
86	3	1	2	3	4
86	4	2	3	1	4
86	5	3	4	1	2
86	6	1	2	3	4
86	7	1	2	3	4
86	8	1	2	3	4
86	9	3	4	1	2
87	0	3	4	1	2
87	1	2	4	1	3
87	2	1	2	3	4
87	3	1	2	3	4
87	4	3	2	1	4
87	5	1	2	3	4
87	6	1	2	3	4
87	7	1	2	3	4
87	8	3	4	1	2
87	9	2	1	3	4
88	0	3	4	1	2
88	1	2	4	1	3
88	2	3	4	1	2
88	3	1	2	3	4
88	4	2	3	1	4
88	5	2	1	3	4
88	6	3	4	1	2
88	7	3	4	1	2
88	8	3	4	1	2
88	9	1	2	3	4
89	0	3	4	1	2
89	1	2	4	1	3
89	2	3	4	1	2
89	3	1	2	3	4
89	4	2	4	1	3
89	5	1	2	3	4
89	6	3	4	1	2
89	7	3	4	1	2
89	8	3	4	1	2
89	9	1	2	3	4
90	0	3	4	1	2
90	1	2	4	1	3
90	2	1	2	3	4
90	3	1	2	3	4
90	4	2	1	3	4
90	5	3	4	1	2
90	6	1	2	3	4
90	7	3	4	1	2
90	8	3	4	1	2
90	9	3	4	1	2
91	0	3	4	1	2
91	1	2	4	1	3
91	2	1	2	3	4
91	3	3	4	1	2
91	4	2	1	3	4
91	5	3	4	1	2
91	6	1	2	3	4
91	7	3	4	1	2
91	8	2	1	3	4
91	9	3	4	1	2
92	0	3	4	1	2
92	1	2	3	1	4
92	2	1	2	3	4
92	3	1	2	3	4
92	4	2	1	3	4
92	5	3	4	1	2
92	6	1	2	3	4
92	7	1	2	3	4
92	8	3	4	1	2
92	9	3	4	1	2
93	0	3	4	1	2
93	1	2	3	1	4
93	2	1	2	3	4
93	3	1	2	3	4
93	4	2	3	1	4
93	5	1	2	3	4
93	6	1	2	3	4
93	7	3	4	1	2
93	8	3	4	1	2
93	9	3	4	1	2
94	0	3	4	1	2
94	1	2	3	1	4
94	2	1	2	3	4
94	3	1	2	3	4
94	4	2	4	1	3
94	5	3	4	1	2
94	6	3	4	1	2
94	7	3	4	1	2
94	8	3	4	1	2
94	9	3	4	1	2
95	0	3	4	1	2
95	1	2	4	1	3
95	2	3	4	1	2
95	3	1	2	3	4
95	4	2	1	3	4
95	5	1	2	3	4
95	6	1	2	3	4
95	7	3	4	1	2
95	8	3	4	1	2
95	9	3	4	1	2
96	0	3	4	1	2
96	1	2	4	1	3
96	2	1	2	3	4
96	3	1	2	3	4
96	4	1	3	2	4
96	5	3	4	1	2
96	6	1	2	3	4
96	7	3	4	1	2
96	8	3	4	1	2
96	9	3	4	1	2
97	0	3	4	1	2
97	1	2	4	1	3
97	2	1	2	3	4
97	3	3	4	1	2
97	4	2	4	1	3
97	5	3	4	1	2
97	6	3	4	1	2
97	7	3	4	1	2
97	8	3	4	1	2
97	9	3	4	1	2
98	0	3	4	1	2
98	1	2	4	1	3
98	2	1	2	3	4
98	3	3	4	1	2
98	4	4	2	1	3
98	5	3	4	1	2
98	6	3	4	1	2
98	7	1	2	3	4
98	8	3	4	1	2
98	9	1	2	3	4
99	0	3	4	1	2
99	1	2	4	1	3
99	2	1	2	3	4
99	3	1	2	3	4
99	4	1	3	2	4
99	5	3	4	1	2
99	6	3	4	1	2
99	7	3	4	1	2
99	8	1	2	3	4
99	9	1	2	3	4
